year,origin,destination,male-germans,female-germans,all-germans,male-foreigners,female-foreigners,all-foreigners,all-males,all-females,all
2000,Schleswig-Holstein,Schleswig-Holstein,0,0,0,0,0,0,0,0,0
2000,Schleswig-Holstein,Hamburg,8299,8102,16401,1118,866,1984,9417,8968,18385
2000,Schleswig-Holstein,Niedersachsen,3849,4002,7851,283,216,499,4132,4218,8350
2000,Schleswig-Holstein,Bremen,353,321,674,52,37,89,405,358,763
2000,Schleswig-Holstein,Nordrhein-Westfalen,2363,2264,4627,316,206,522,2679,2470,5149
2000,Schleswig-Holstein,Hessen,793,903,1696,87,84,171,880,987,1867
2000,Schleswig-Holstein,Rheinland-Pfalz,469,455,924,84,48,132,553,503,1056
2000,Schleswig-Holstein,Baden-Wuerttemberg,1405,1424,2829,210,172,382,1615,1596,3211
2000,Schleswig-Holstein,Bayern,1323,1240,2563,170,111,281,1493,1351,2844
2000,Schleswig-Holstein,Saarland,66,67,133,3,5,8,69,72,141
2000,Schleswig-Holstein,Berlin,1221,1034,2255,121,83,204,1342,1117,2459
2000,Schleswig-Holstein,Brandenburg,439,362,801,24,9,33,463,371,834
2000,Schleswig-Holstein,Mecklenburg-Vorpommern,2029,1807,3836,62,42,104,2091,1849,3940
2000,Schleswig-Holstein,Sachsen,327,292,619,20,14,34,347,306,653
2000,Schleswig-Holstein,Sachsen-Anhalt,271,225,496,21,8,29,292,233,525
2000,Schleswig-Holstein,Thueringen,157,112,269,12,4,16,169,116,285
2000,Schleswig-Holstein,Insgesamt,23364,22610,45974,2583,1905,4488,25947,24515,50462
2000,Hamburg,Schleswig-Holstein,10170,10746,20916,950,763,1713,11120,11509,22629
2000,Hamburg,Hamburg,0,0,0,0,0,0,0,0,0
2000,Hamburg,Niedersachsen,5573,5668,11241,573,456,1029,6146,6124,12270
2000,Hamburg,Bremen,276,304,580,72,51,123,348,355,703
2000,Hamburg,Nordrhein-Westfalen,1535,1580,3115,377,269,646,1912,1849,3761
2000,Hamburg,Hessen,702,673,1375,171,139,310,873,812,1685
2000,Hamburg,Rheinland-Pfalz,228,227,455,35,27,62,263,254,517
2000,Hamburg,Baden-Wuerttemberg,868,842,1710,193,144,337,1061,986,2047
2000,Hamburg,Bayern,1120,1053,2173,208,154,362,1328,1207,2535
2000,Hamburg,Saarland,36,41,77,2,7,9,38,48,86
2000,Hamburg,Berlin,1223,1057,2280,207,141,348,1430,1198,2628
2000,Hamburg,Brandenburg,217,171,388,21,12,33,238,183,421
2000,Hamburg,Mecklenburg-Vorpommern,760,704,1464,47,34,81,807,738,1545
2000,Hamburg,Sachsen,207,193,400,31,15,46,238,208,446
2000,Hamburg,Sachsen-Anhalt,155,154,309,24,7,31,179,161,340
2000,Hamburg,Thueringen,86,76,162,6,2,8,92,78,170
2000,Hamburg,Insgesamt,23156,23489,46645,2917,2221,5138,26073,25710,51783
2000,Niedersachsen,Schleswig-Holstein,4754,4842,9596,597,557,1154,5351,5399,10750
2000,Niedersachsen,Hamburg,6096,6043,12139,764,600,1364,6860,6643,13503
2000,Niedersachsen,Niedersachsen,0,0,0,0,0,0,0,0,0
2000,Niedersachsen,Bremen,5590,5465,11055,632,542,1174,6222,6007,12229
2000,Niedersachsen,Nordrhein-Westfalen,21704,22629,44333,2552,2071,4623,24256,24700,48956
2000,Niedersachsen,Hessen,6167,6257,12424,1194,932,2126,7361,7189,14550
2000,Niedersachsen,Rheinland-Pfalz,2634,2759,5393,469,451,920,3103,3210,6313
2000,Niedersachsen,Baden-Wuerttemberg,6360,6347,12707,1330,1276,2606,7690,7623,15313
2000,Niedersachsen,Bayern,8270,8421,16691,1458,1341,2799,9728,9762,19490
2000,Niedersachsen,Saarland,526,523,1049,120,101,221,646,624,1270
2000,Niedersachsen,Berlin,3480,3362,6842,656,597,1253,4136,3959,8095
2000,Niedersachsen,Brandenburg,2324,2290,4614,211,217,428,2535,2507,5042
2000,Niedersachsen,Mecklenburg-Vorpommern,2248,2117,4365,83,75,158,2331,2192,4523
2000,Niedersachsen,Sachsen,3412,3412,6824,442,380,822,3854,3792,7646
2000,Niedersachsen,Sachsen-Anhalt,3929,3981,7910,360,300,660,4289,4281,8570
2000,Niedersachsen,Thueringen,2210,2204,4414,253,262,515,2463,2466,4929
2000,Niedersachsen,Insgesamt,79704,80652,160356,11121,9702,20823,90825,90354,181179
2000,Bremen,Schleswig-Holstein,277,279,556,46,32,78,323,311,634
2000,Bremen,Hamburg,459,437,896,128,81,209,587,518,1105
2000,Bremen,Niedersachsen,6560,6958,13518,646,559,1205,7206,7517,14723
2000,Bremen,Bremen,0,0,0,0,0,0,0,0,0
2000,Bremen,Nordrhein-Westfalen,686,673,1359,238,166,404,924,839,1763
2000,Bremen,Hessen,274,271,545,71,60,131,345,331,676
2000,Bremen,Rheinland-Pfalz,92,99,191,21,17,38,113,116,229
2000,Bremen,Baden-Wuerttemberg,338,324,662,98,71,169,436,395,831
2000,Bremen,Bayern,317,326,643,95,61,156,412,387,799
2000,Bremen,Saarland,15,12,27,9,8,17,24,20,44
2000,Bremen,Berlin,332,342,674,73,46,119,405,388,793
2000,Bremen,Brandenburg,69,56,125,5,3,8,74,59,133
2000,Bremen,Mecklenburg-Vorpommern,128,109,237,15,11,26,143,120,263
2000,Bremen,Sachsen,71,72,143,13,8,21,84,80,164
2000,Bremen,Sachsen-Anhalt,67,56,123,9,2,11,76,58,134
2000,Bremen,Thueringen,36,41,77,3,8,11,39,49,88
2000,Bremen,Insgesamt,9721,10055,19776,1470,1133,2603,11191,11188,22379
2000,Nordrhein-Westfalen,Schleswig-Holstein,2667,2860,5527,314,168,482,2981,3028,6009
2000,Nordrhein-Westfalen,Hamburg,2489,2350,4839,597,353,950,3086,2703,5789
2000,Nordrhein-Westfalen,Niedersachsen,13184,13795,26979,1671,1302,2973,14855,15097,29952
2000,Nordrhein-Westfalen,Bremen,728,732,1460,192,120,312,920,852,1772
2000,Nordrhein-Westfalen,Nordrhein-Westfalen,0,0,0,0,0,0,0,0,0
2000,Nordrhein-Westfalen,Hessen,7152,7233,14385,1849,1219,3068,9001,8452,17453
2000,Nordrhein-Westfalen,Rheinland-Pfalz,7507,7899,15406,1062,724,1786,8569,8623,17192
2000,Nordrhein-Westfalen,Baden-Wuerttemberg,7824,7492,15316,1799,1307,3106,9623,8799,18422
2000,Nordrhein-Westfalen,Bayern,8189,7932,16121,1723,1235,2958,9912,9167,19079
2000,Nordrhein-Westfalen,Saarland,529,547,1076,136,128,264,665,675,1340
2000,Nordrhein-Westfalen,Berlin,5105,4578,9683,875,781,1656,5980,5359,11339
2000,Nordrhein-Westfalen,Brandenburg,1635,1531,3166,91,83,174,1726,1614,3340
2000,Nordrhein-Westfalen,Mecklenburg-Vorpommern,943,884,1827,57,27,84,1000,911,1911
2000,Nordrhein-Westfalen,Sachsen,1854,1645,3499,243,104,347,2097,1749,3846
2000,Nordrhein-Westfalen,Sachsen-Anhalt,1228,1073,2301,123,74,197,1351,1147,2498
2000,Nordrhein-Westfalen,Thueringen,999,961,1960,139,53,192,1138,1014,2152
2000,Nordrhein-Westfalen,Insgesamt,62033,61512,123545,10871,7678,18549,72904,69190,142094
2000,Hessen,Schleswig-Holstein,1046,1155,2201,101,78,179,1147,1233,2380
2000,Hessen,Hamburg,1007,1000,2007,197,150,347,1204,1150,2354
2000,Hessen,Niedersachsen,3437,3494,6931,480,355,835,3917,3849,7766
2000,Hessen,Bremen,256,236,492,81,48,129,337,284,621
2000,Hessen,Nordrhein-Westfalen,6494,6650,13144,1854,1149,3003,8348,7799,16147
2000,Hessen,Hessen,0,0,0,0,0,0,0,0,0
2000,Hessen,Rheinland-Pfalz,5724,5854,11578,1391,978,2369,7115,6832,13947
2000,Hessen,Baden-Wuerttemberg,5977,6218,12195,1616,1096,2712,7593,7314,14907
2000,Hessen,Bayern,5999,6028,12027,1425,935,2360,7424,6963,14387
2000,Hessen,Saarland,395,347,742,60,56,116,455,403,858
2000,Hessen,Berlin,1803,1705,3508,297,242,539,2100,1947,4047
2000,Hessen,Brandenburg,509,516,1025,55,35,90,564,551,1115
2000,Hessen,Mecklenburg-Vorpommern,285,281,566,21,8,29,306,289,595
2000,Hessen,Sachsen,980,887,1867,117,83,200,1097,970,2067
2000,Hessen,Sachsen-Anhalt,430,444,874,80,39,119,510,483,993
2000,Hessen,Thueringen,1364,1336,2700,103,55,158,1467,1391,2858
2000,Hessen,Insgesamt,35706,36151,71857,7878,5307,13185,43584,41458,85042
2000,Rheinland-Pfalz,Schleswig-Holstein,470,484,954,47,40,87,517,524,1041
2000,Rheinland-Pfalz,Hamburg,331,315,646,59,54,113,390,369,759
2000,Rheinland-Pfalz,Niedersachsen,1210,1269,2479,147,139,286,1357,1408,2765
2000,Rheinland-Pfalz,Bremen,108,86,194,17,15,32,125,101,226
2000,Rheinland-Pfalz,Nordrhein-Westfalen,6532,6819,13351,1175,946,2121,7707,7765,15472
2000,Rheinland-Pfalz,Hessen,4973,5089,10062,1318,998,2316,6291,6087,12378
2000,Rheinland-Pfalz,Rheinland-Pfalz,0,0,0,0,0,0,0,0,0
2000,Rheinland-Pfalz,Baden-Wuerttemberg,5351,5229,10580,1275,973,2248,6626,6202,12828
2000,Rheinland-Pfalz,Bayern,2424,2387,4811,542,359,901,2966,2746,5712
2000,Rheinland-Pfalz,Saarland,1583,1571,3154,164,154,318,1747,1725,3472
2000,Rheinland-Pfalz,Berlin,773,691,1464,121,111,232,894,802,1696
2000,Rheinland-Pfalz,Brandenburg,321,294,615,20,13,33,341,307,648
2000,Rheinland-Pfalz,Mecklenburg-Vorpommern,164,146,310,9,6,15,173,152,325
2000,Rheinland-Pfalz,Sachsen,522,412,934,54,19,73,576,431,1007
2000,Rheinland-Pfalz,Sachsen-Anhalt,270,244,514,41,28,69,311,272,583
2000,Rheinland-Pfalz,Thueringen,330,290,620,56,25,81,386,315,701
2000,Rheinland-Pfalz,Insgesamt,25362,25326,50688,5045,3880,8925,30407,29206,59613
2000,Baden-Wuerttemberg,Schleswig-Holstein,1154,1203,2357,117,107,224,1271,1310,2581
2000,Baden-Wuerttemberg,Hamburg,1190,1149,2339,138,128,266,1328,1277,2605
2000,Baden-Wuerttemberg,Niedersachsen,2960,2922,5882,447,325,772,3407,3247,6654
2000,Baden-Wuerttemberg,Bremen,264,292,556,57,42,99,321,334,655
2000,Baden-Wuerttemberg,Nordrhein-Westfalen,6391,6509,12900,1816,1320,3136,8207,7829,16036
2000,Baden-Wuerttemberg,Hessen,5995,5931,11926,1774,1153,2927,7769,7084,14853
2000,Baden-Wuerttemberg,Rheinland-Pfalz,5316,5364,10680,1339,998,2337,6655,6362,13017
2000,Baden-Wuerttemberg,Baden-Wuerttemberg,0,0,0,0,0,0,0,0,0
2000,Baden-Wuerttemberg,Bayern,13956,13972,27928,2950,2028,4978,16906,16000,32906
2000,Baden-Wuerttemberg,Saarland,736,677,1413,135,128,263,871,805,1676
2000,Baden-Wuerttemberg,Berlin,2752,2277,5029,446,344,790,3198,2621,5819
2000,Baden-Wuerttemberg,Brandenburg,1053,1040,2093,131,83,214,1184,1123,2307
2000,Baden-Wuerttemberg,Mecklenburg-Vorpommern,590,596,1186,34,22,56,624,618,1242
2000,Baden-Wuerttemberg,Sachsen,2388,2085,4473,251,176,427,2639,2261,4900
2000,Baden-Wuerttemberg,Sachsen-Anhalt,738,725,1463,101,39,140,839,764,1603
2000,Baden-Wuerttemberg,Thueringen,968,904,1872,92,57,149,1060,961,2021
2000,Baden-Wuerttemberg,Insgesamt,46451,45646,92097,9828,6950,16778,56279,52596,108875
2000,Bayern,Schleswig-Holstein,1144,1180,2324,154,121,275,1298,1301,2599
2000,Bayern,Hamburg,1067,1024,2091,246,154,400,1313,1178,2491
2000,Bayern,Niedersachsen,2700,2703,5403,478,285,763,3178,2988,6166
2000,Bayern,Bremen,265,274,539,73,62,135,338,336,674
2000,Bayern,Nordrhein-Westfalen,5833,5717,11550,1763,1156,2919,7596,6873,14469
2000,Bayern,Hessen,4710,4724,9434,1451,944,2395,6161,5668,11829
2000,Bayern,Rheinland-Pfalz,1899,1855,3754,471,302,773,2370,2157,4527
2000,Bayern,Baden-Wuerttemberg,12339,12601,24940,2959,1953,4912,15298,14554,29852
2000,Bayern,Bayern,0,0,0,0,0,0,0,0,0
2000,Bayern,Saarland,318,306,624,74,47,121,392,353,745
2000,Bayern,Berlin,2724,2398,5122,503,393,896,3227,2791,6018
2000,Bayern,Brandenburg,846,762,1608,46,40,86,892,802,1694
2000,Bayern,Mecklenburg-Vorpommern,409,385,794,27,19,46,436,404,840
2000,Bayern,Sachsen,3068,2761,5829,265,125,390,3333,2886,6219
2000,Bayern,Sachsen-Anhalt,846,756,1602,117,38,155,963,794,1757
2000,Bayern,Thueringen,1818,1761,3579,170,73,243,1988,1834,3822
2000,Bayern,Insgesamt,39986,39207,79193,8797,5712,14509,48783,44919,93702
2000,Saarland,Schleswig-Holstein,62,50,112,9,13,22,71,63,134
2000,Saarland,Hamburg,66,57,123,32,12,44,98,69,167
2000,Saarland,Niedersachsen,214,205,419,38,32,70,252,237,489
2000,Saarland,Bremen,24,16,40,21,11,32,45,27,72
2000,Saarland,Nordrhein-Westfalen,618,689,1307,266,213,479,884,902,1786
2000,Saarland,Hessen,451,466,917,104,98,202,555,564,1119
2000,Saarland,Rheinland-Pfalz,1823,1726,3549,191,173,364,2014,1899,3913
2000,Saarland,Baden-Wuerttemberg,957,884,1841,172,156,328,1129,1040,2169
2000,Saarland,Bayern,498,448,946,108,82,190,606,530,1136
2000,Saarland,Saarland,0,0,0,0,0,0,0,0,0
2000,Saarland,Berlin,160,146,306,55,46,101,215,192,407
2000,Saarland,Brandenburg,47,54,101,4,2,6,51,56,107
2000,Saarland,Mecklenburg-Vorpommern,23,19,42,29,17,46,52,36,88
2000,Saarland,Sachsen,61,54,115,26,7,33,87,61,148
2000,Saarland,Sachsen-Anhalt,44,32,76,6,2,8,50,34,84
2000,Saarland,Thueringen,48,36,84,5,5,10,53,41,94
2000,Saarland,Insgesamt,5096,4882,9978,1066,869,1935,6162,5751,11913
2000,Berlin,Schleswig-Holstein,1242,1178,2420,70,67,137,1312,1245,2557
2000,Berlin,Hamburg,887,848,1735,191,131,322,1078,979,2057
2000,Berlin,Niedersachsen,2380,2418,4798,332,267,599,2712,2685,5397
2000,Berlin,Bremen,221,228,449,36,30,66,257,258,515
2000,Berlin,Nordrhein-Westfalen,3134,2983,6117,775,617,1392,3909,3600,7509
2000,Berlin,Hessen,1571,1448,3019,339,248,587,1910,1696,3606
2000,Berlin,Rheinland-Pfalz,651,598,1249,134,103,237,785,701,1486
2000,Berlin,Baden-Wuerttemberg,2444,2272,4716,521,414,935,2965,2686,5651
2000,Berlin,Bayern,3087,2771,5858,691,525,1216,3778,3296,7074
2000,Berlin,Saarland,111,110,221,24,19,43,135,129,264
2000,Berlin,Berlin,0,0,0,0,0,0,0,0,0
2000,Berlin,Brandenburg,18659,18858,37517,696,499,1195,19355,19357,38712
2000,Berlin,Mecklenburg-Vorpommern,1161,1185,2346,152,97,249,1313,1282,2595
2000,Berlin,Sachsen,1154,1080,2234,174,110,284,1328,1190,2518
2000,Berlin,Sachsen-Anhalt,679,645,1324,113,63,176,792,708,1500
2000,Berlin,Thueringen,457,447,904,48,35,83,505,482,987
2000,Berlin,Insgesamt,37838,37069,74907,4296,3225,7521,42134,40294,82428
2000,Brandenburg,Schleswig-Holstein,705,755,1460,27,15,42,732,770,1502
2000,Brandenburg,Hamburg,493,568,1061,39,26,65,532,594,1126
2000,Brandenburg,Niedersachsen,2087,2252,4339,104,82,186,2191,2334,4525
2000,Brandenburg,Bremen,131,153,284,23,14,37,154,167,321
2000,Brandenburg,Nordrhein-Westfalen,2490,2527,5017,189,131,320,2679,2658,5337
2000,Brandenburg,Hessen,867,881,1748,84,51,135,951,932,1883
2000,Brandenburg,Rheinland-Pfalz,603,589,1192,86,29,115,689,618,1307
2000,Brandenburg,Baden-Wuerttemberg,2432,2375,4807,204,142,346,2636,2517,5153
2000,Brandenburg,Bayern,2543,2488,5031,224,127,351,2767,2615,5382
2000,Brandenburg,Saarland,63,58,121,2,6,8,65,64,129
2000,Brandenburg,Berlin,9430,10182,19612,1199,755,1954,10629,10937,21566
2000,Brandenburg,Brandenburg,0,0,0,0,0,0,0,0,0
2000,Brandenburg,Mecklenburg-Vorpommern,1320,1446,2766,57,35,92,1377,1481,2858
2000,Brandenburg,Sachsen,1849,1886,3735,119,106,225,1968,1992,3960
2000,Brandenburg,Sachsen-Anhalt,955,998,1953,78,44,122,1033,1042,2075
2000,Brandenburg,Thueringen,470,418,888,18,13,31,488,431,919
2000,Brandenburg,Insgesamt,26438,27576,54014,2453,1576,4029,28891,29152,58043
2000,Mecklenburg-Vorpommern,Schleswig-Holstein,3267,3353,6620,120,100,220,3387,3453,6840
2000,Mecklenburg-Vorpommern,Hamburg,2060,2334,4394,261,145,406,2321,2479,4800
2000,Mecklenburg-Vorpommern,Niedersachsen,2491,2558,5049,227,144,371,2718,2702,5420
2000,Mecklenburg-Vorpommern,Bremen,268,240,508,29,21,50,297,261,558
2000,Mecklenburg-Vorpommern,Nordrhein-Westfalen,1433,1543,2976,229,147,376,1662,1690,3352
2000,Mecklenburg-Vorpommern,Hessen,483,495,978,79,43,122,562,538,1100
2000,Mecklenburg-Vorpommern,Rheinland-Pfalz,300,340,640,24,19,43,324,359,683
2000,Mecklenburg-Vorpommern,Baden-Wuerttemberg,1070,1025,2095,118,93,211,1188,1118,2306
2000,Mecklenburg-Vorpommern,Bayern,1027,990,2017,121,78,199,1148,1068,2216
2000,Mecklenburg-Vorpommern,Saarland,40,43,83,3,2,5,43,45,88
2000,Mecklenburg-Vorpommern,Berlin,1538,1718,3256,210,127,337,1748,1845,3593
2000,Mecklenburg-Vorpommern,Brandenburg,1208,1251,2459,57,34,91,1265,1285,2550
2000,Mecklenburg-Vorpommern,Mecklenburg-Vorpommern,0,0,0,0,0,0,0,0,0
2000,Mecklenburg-Vorpommern,Sachsen,591,612,1203,45,29,74,636,641,1277
2000,Mecklenburg-Vorpommern,Sachsen-Anhalt,374,369,743,29,21,50,403,390,793
2000,Mecklenburg-Vorpommern,Thueringen,253,267,520,9,5,14,262,272,534
2000,Mecklenburg-Vorpommern,Insgesamt,16403,17138,33541,1561,1008,2569,17964,18146,36110
2000,Sachsen,Schleswig-Holstein,483,496,979,42,24,66,525,520,1045
2000,Sachsen,Hamburg,343,370,713,145,68,213,488,438,926
2000,Sachsen,Niedersachsen,1773,1810,3583,202,143,345,1975,1953,3928
2000,Sachsen,Bremen,97,132,229,21,19,40,118,151,269
2000,Sachsen,Nordrhein-Westfalen,3036,3277,6313,791,370,1161,3827,3647,7474
2000,Sachsen,Hessen,1874,2151,4025,391,176,567,2265,2327,4592
2000,Sachsen,Rheinland-Pfalz,973,1049,2022,136,77,213,1109,1126,2235
2000,Sachsen,Baden-Wuerttemberg,5668,5452,11120,557,386,943,6225,5838,12063
2000,Sachsen,Bayern,7696,8141,15837,739,350,1089,8435,8491,16926
2000,Sachsen,Saarland,110,118,228,17,12,29,127,130,257
2000,Sachsen,Berlin,1450,1688,3138,402,220,622,1852,1908,3760
2000,Sachsen,Brandenburg,1511,1715,3226,117,70,187,1628,1785,3413
2000,Sachsen,Mecklenburg-Vorpommern,591,649,1240,46,20,66,637,669,1306
2000,Sachsen,Sachsen,0,0,0,0,0,0,0,0,0
2000,Sachsen,Sachsen-Anhalt,1497,1582,3079,228,98,326,1725,1680,3405
2000,Sachsen,Thueringen,1571,1697,3268,141,51,192,1712,1748,3460
2000,Sachsen,Insgesamt,28673,30327,59000,3975,2084,6059,32648,32411,65059
2000,Sachsen-Anhalt,Schleswig-Holstein,501,498,999,58,25,83,559,523,1082
2000,Sachsen-Anhalt,Hamburg,327,342,669,82,33,115,409,375,784
2000,Sachsen-Anhalt,Niedersachsen,4748,5344,10092,393,258,651,5141,5602,10743
2000,Sachsen-Anhalt,Bremen,129,182,311,26,13,39,155,195,350
2000,Sachsen-Anhalt,Nordrhein-Westfalen,2602,2801,5403,653,346,999,3255,3147,6402
2000,Sachsen-Anhalt,Hessen,1197,1300,2497,243,123,366,1440,1423,2863
2000,Sachsen-Anhalt,Rheinland-Pfalz,662,703,1365,111,67,178,773,770,1543
2000,Sachsen-Anhalt,Baden-Wuerttemberg,2648,2596,5244,320,182,502,2968,2778,5746
2000,Sachsen-Anhalt,Bayern,3059,3066,6125,485,221,706,3544,3287,6831
2000,Sachsen-Anhalt,Saarland,66,63,129,14,10,24,80,73,153
2000,Sachsen-Anhalt,Berlin,1087,1217,2304,302,216,518,1389,1433,2822
2000,Sachsen-Anhalt,Brandenburg,989,1181,2170,92,46,138,1081,1227,2308
2000,Sachsen-Anhalt,Mecklenburg-Vorpommern,554,610,1164,29,10,39,583,620,1203
2000,Sachsen-Anhalt,Sachsen,2383,2369,4752,217,125,342,2600,2494,5094
2000,Sachsen-Anhalt,Sachsen-Anhalt,0,0,0,0,0,0,0,0,0
2000,Sachsen-Anhalt,Thueringen,1227,1368,2595,66,42,108,1293,1410,2703
2000,Sachsen-Anhalt,Insgesamt,22179,23640,45819,3091,1717,4808,25270,25357,50627
2000,Thueringen,Schleswig-Holstein,242,227,469,32,15,47,274,242,516
2000,Thueringen,Hamburg,170,174,344,30,14,44,200,188,388
2000,Thueringen,Niedersachsen,1322,1464,2786,124,79,203,1446,1543,2989
2000,Thueringen,Bremen,51,68,119,10,5,15,61,73,134
2000,Thueringen,Nordrhein-Westfalen,1583,1873,3456,305,218,523,1888,2091,3979
2000,Thueringen,Hessen,2152,2514,4666,213,136,349,2365,2650,5015
2000,Thueringen,Rheinland-Pfalz,596,655,1251,65,35,100,661,690,1351
2000,Thueringen,Baden-Wuerttemberg,2248,2288,4536,213,145,358,2461,2433,4894
2000,Thueringen,Bayern,3812,4217,8029,317,188,505,4129,4405,8534
2000,Thueringen,Saarland,55,63,118,6,3,9,61,66,127
2000,Thueringen,Berlin,664,705,1369,101,97,198,765,802,1567
2000,Thueringen,Brandenburg,389,438,827,18,7,25,407,445,852
2000,Thueringen,Mecklenburg-Vorpommern,278,308,586,13,6,19,291,314,605
2000,Thueringen,Sachsen,1973,2071,4044,122,66,188,2095,2137,4232
2000,Thueringen,Sachsen-Anhalt,992,1046,2038,62,41,103,1054,1087,2141
2000,Thueringen,Thueringen,0,0,0,0,0,0,0,0,0
2000,Thueringen,Insgesamt,16527,18111,34638,1631,1055,2686,18158,19166,37324
2000,Insgesamt,Schleswig-Holstein,28184,29306,57490,2684,2125,4809,30868,31431,62299
2000,Insgesamt,Hamburg,25284,25113,50397,4027,2815,6842,29311,27928,57239
2000,Insgesamt,Niedersachsen,54488,56862,111350,6145,4642,10787,60633,61504,122137
2000,Insgesamt,Bremen,8761,8729,17490,1342,1030,2372,10103,9759,19862
2000,Insgesamt,Nordrhein-Westfalen,66434,68534,134968,13299,9325,22624,79733,77859,157592
2000,Insgesamt,Hessen,39361,40336,79697,9368,6404,15772,48729,46740,95469
2000,Insgesamt,Rheinland-Pfalz,29477,30172,59649,5619,4048,9667,35096,34220,69316
2000,Insgesamt,Baden-Wuerttemberg,57929,57369,115298,11585,8510,20095,69514,65879,135393
2000,Insgesamt,Bayern,63320,63480,126800,11256,7795,19051,74576,71275,145851
2000,Insgesamt,Saarland,4649,4546,9195,769,686,1455,5418,5232,10650
2000,Insgesamt,Berlin,33742,33100,66842,5568,4199,9767,39310,37299,76609
2000,Insgesamt,Brandenburg,30216,30519,60735,1588,1153,2741,31804,31672,63476
2000,Insgesamt,Mecklenburg-Vorpommern,11483,11246,22729,681,429,1110,12164,11675,23839
2000,Insgesamt,Sachsen,20840,19831,40671,2139,1367,3506,22979,21198,44177
2000,Insgesamt,Sachsen-Anhalt,12475,12330,24805,1392,804,2196,13867,13134,27001
2000,Insgesamt,Thueringen,11994,11918,23912,1121,690,1811,13115,12608,25723
2000,Insgesamt,Insgesamt,498637,503391,1002028,78583,56022,134605,577220,559413,1136633
2001,Schleswig-Holstein,Schleswig-Holstein,0,0,0,0,0,0,0,0,0
2001,Schleswig-Holstein,Hamburg,7981,7860,15841,1060,846,1906,9041,8706,17747
2001,Schleswig-Holstein,Niedersachsen,3883,4003,7886,310,246,556,4193,4249,8442
2001,Schleswig-Holstein,Bremen,340,309,649,54,30,84,394,339,733
2001,Schleswig-Holstein,Nordrhein-Westfalen,2484,2478,4962,389,318,707,2873,2796,5669
2001,Schleswig-Holstein,Hessen,886,893,1779,119,101,220,1005,994,1999
2001,Schleswig-Holstein,Rheinland-Pfalz,394,417,811,58,40,98,452,457,909
2001,Schleswig-Holstein,Baden-Wuerttemberg,1380,1417,2797,157,155,312,1537,1572,3109
2001,Schleswig-Holstein,Bayern,1367,1308,2675,203,134,337,1570,1442,3012
2001,Schleswig-Holstein,Saarland,74,66,140,3,6,9,77,72,149
2001,Schleswig-Holstein,Berlin,1192,987,2179,112,102,214,1304,1089,2393
2001,Schleswig-Holstein,Brandenburg,453,401,854,11,16,27,464,417,881
2001,Schleswig-Holstein,Mecklenburg-Vorpommern,1973,1761,3734,46,42,88,2019,1803,3822
2001,Schleswig-Holstein,Sachsen,332,245,577,17,11,28,349,256,605
2001,Schleswig-Holstein,Sachsen-Anhalt,260,213,473,14,5,19,274,218,492
2001,Schleswig-Holstein,Thueringen,200,141,341,21,7,28,221,148,369
2001,Schleswig-Holstein,Insgesamt,23199,22499,45698,2574,2059,4633,25773,24558,50331
2001,Hamburg,Schleswig-Holstein,9578,10248,19826,1045,807,1852,10623,11055,21678
2001,Hamburg,Hamburg,0,0,0,0,0,0,0,0,0
2001,Hamburg,Niedersachsen,5281,5606,10887,544,399,943,5825,6005,11830
2001,Hamburg,Bremen,294,273,567,74,48,122,368,321,689
2001,Hamburg,Nordrhein-Westfalen,1594,1656,3250,411,270,681,2005,1926,3931
2001,Hamburg,Hessen,726,700,1426,203,169,372,929,869,1798
2001,Hamburg,Rheinland-Pfalz,224,225,449,50,30,80,274,255,529
2001,Hamburg,Baden-Wuerttemberg,902,899,1801,225,141,366,1127,1040,2167
2001,Hamburg,Bayern,1112,1083,2195,330,178,508,1442,1261,2703
2001,Hamburg,Saarland,47,45,92,8,13,21,55,58,113
2001,Hamburg,Berlin,1254,1156,2410,209,144,353,1463,1300,2763
2001,Hamburg,Brandenburg,286,238,524,25,13,38,311,251,562
2001,Hamburg,Mecklenburg-Vorpommern,859,800,1659,48,29,77,907,829,1736
2001,Hamburg,Sachsen,192,196,388,38,17,55,230,213,443
2001,Hamburg,Sachsen-Anhalt,159,160,319,17,10,27,176,170,346
2001,Hamburg,Thueringen,117,84,201,11,8,19,128,92,220
2001,Hamburg,Insgesamt,22625,23369,45994,3238,2276,5514,25863,25645,51508
2001,Niedersachsen,Schleswig-Holstein,4628,5015,9643,754,664,1418,5382,5679,11061
2001,Niedersachsen,Hamburg,6062,6360,12422,903,668,1571,6965,7028,13993
2001,Niedersachsen,Niedersachsen,0,0,0,0,0,0,0,0,0
2001,Niedersachsen,Bremen,5568,5454,11022,718,641,1359,6286,6095,12381
2001,Niedersachsen,Nordrhein-Westfalen,21897,22801,44698,3187,2711,5898,25084,25512,50596
2001,Niedersachsen,Hessen,6310,6672,12982,1202,1083,2285,7512,7755,15267
2001,Niedersachsen,Rheinland-Pfalz,3003,3121,6124,622,569,1191,3625,3690,7315
2001,Niedersachsen,Baden-Wuerttemberg,8310,8463,16773,1914,1826,3740,10224,10289,20513
2001,Niedersachsen,Bayern,9482,9578,19060,1730,1574,3304,11212,11152,22364
2001,Niedersachsen,Saarland,586,593,1179,186,178,364,772,771,1543
2001,Niedersachsen,Berlin,3655,3505,7160,640,645,1285,4295,4150,8445
2001,Niedersachsen,Brandenburg,2644,2755,5399,284,269,553,2928,3024,5952
2001,Niedersachsen,Mecklenburg-Vorpommern,2678,2771,5449,54,40,94,2732,2811,5543
2001,Niedersachsen,Sachsen,3694,3829,7523,583,520,1103,4277,4349,8626
2001,Niedersachsen,Sachsen-Anhalt,3805,3805,7610,489,464,953,4294,4269,8563
2001,Niedersachsen,Thueringen,2153,2376,4529,330,282,612,2483,2658,5141
2001,Niedersachsen,Insgesamt,84475,87098,171573,13596,12134,25730,98071,99232,197303
2001,Bremen,Schleswig-Holstein,279,298,577,55,45,100,334,343,677
2001,Bremen,Hamburg,489,455,944,197,123,320,686,578,1264
2001,Bremen,Niedersachsen,6335,6687,13022,660,510,1170,6995,7197,14192
2001,Bremen,Bremen,0,0,0,0,0,0,0,0,0
2001,Bremen,Nordrhein-Westfalen,679,698,1377,224,164,388,903,862,1765
2001,Bremen,Hessen,260,272,532,76,56,132,336,328,664
2001,Bremen,Rheinland-Pfalz,110,113,223,32,18,50,142,131,273
2001,Bremen,Baden-Wuerttemberg,379,354,733,66,68,134,445,422,867
2001,Bremen,Bayern,376,324,700,110,73,183,486,397,883
2001,Bremen,Saarland,17,18,35,8,6,14,25,24,49
2001,Bremen,Berlin,325,336,661,75,47,122,400,383,783
2001,Bremen,Brandenburg,55,65,120,7,5,12,62,70,132
2001,Bremen,Mecklenburg-Vorpommern,83,97,180,3,2,5,86,99,185
2001,Bremen,Sachsen,79,71,150,8,6,14,87,77,164
2001,Bremen,Sachsen-Anhalt,67,63,130,5,3,8,72,66,138
2001,Bremen,Thueringen,39,48,87,7,4,11,46,52,98
2001,Bremen,Insgesamt,9572,9899,19471,1533,1130,2663,11105,11029,22134
2001,Nordrhein-Westfalen,Schleswig-Holstein,2882,3002,5884,316,211,527,3198,3213,6411
2001,Nordrhein-Westfalen,Hamburg,2536,2472,5008,518,330,848,3054,2802,5856
2001,Nordrhein-Westfalen,Niedersachsen,13226,13894,27120,1740,1274,3014,14966,15168,30134
2001,Nordrhein-Westfalen,Bremen,769,820,1589,244,146,390,1013,966,1979
2001,Nordrhein-Westfalen,Nordrhein-Westfalen,0,0,0,0,0,0,0,0,0
2001,Nordrhein-Westfalen,Hessen,7039,7286,14325,1826,1277,3103,8865,8563,17428
2001,Nordrhein-Westfalen,Rheinland-Pfalz,7574,7448,15022,1064,776,1840,8638,8224,16862
2001,Nordrhein-Westfalen,Baden-Wuerttemberg,7669,7527,15196,1981,1445,3426,9650,8972,18622
2001,Nordrhein-Westfalen,Bayern,8490,7853,16343,1943,1345,3288,10433,9198,19631
2001,Nordrhein-Westfalen,Saarland,610,614,1224,104,94,198,714,708,1422
2001,Nordrhein-Westfalen,Berlin,4875,4546,9421,759,626,1385,5634,5172,10806
2001,Nordrhein-Westfalen,Brandenburg,1508,1357,2865,85,76,161,1593,1433,3026
2001,Nordrhein-Westfalen,Mecklenburg-Vorpommern,916,861,1777,77,28,105,993,889,1882
2001,Nordrhein-Westfalen,Sachsen,1788,1612,3400,220,107,327,2008,1719,3727
2001,Nordrhein-Westfalen,Sachsen-Anhalt,1190,1073,2263,148,48,196,1338,1121,2459
2001,Nordrhein-Westfalen,Thueringen,987,902,1889,130,78,208,1117,980,2097
2001,Nordrhein-Westfalen,Insgesamt,62059,61267,123326,11155,7861,19016,73214,69128,142342
2001,Hessen,Schleswig-Holstein,1036,1175,2211,144,83,227,1180,1258,2438
2001,Hessen,Hamburg,899,965,1864,191,172,363,1090,1137,2227
2001,Hessen,Niedersachsen,3396,3624,7020,617,438,1055,4013,4062,8075
2001,Hessen,Bremen,239,280,519,85,44,129,324,324,648
2001,Hessen,Nordrhein-Westfalen,6439,6838,13277,2013,1335,3348,8452,8173,16625
2001,Hessen,Hessen,0,0,0,0,0,0,0,0,0
2001,Hessen,Rheinland-Pfalz,5901,5810,11711,1530,1094,2624,7431,6904,14335
2001,Hessen,Baden-Wuerttemberg,6383,6367,12750,1702,1145,2847,8085,7512,15597
2001,Hessen,Bayern,6234,6190,12424,1600,1030,2630,7834,7220,15054
2001,Hessen,Saarland,327,351,678,76,59,135,403,410,813
2001,Hessen,Berlin,1924,1893,3817,306,248,554,2230,2141,4371
2001,Hessen,Brandenburg,510,487,997,43,31,74,553,518,1071
2001,Hessen,Mecklenburg-Vorpommern,268,255,523,36,15,51,304,270,574
2001,Hessen,Sachsen,947,906,1853,156,82,238,1103,988,2091
2001,Hessen,Sachsen-Anhalt,495,464,959,71,26,97,566,490,1056
2001,Hessen,Thueringen,1332,1326,2658,141,54,195,1473,1380,2853
2001,Hessen,Insgesamt,36330,36931,73261,8711,5856,14567,45041,42787,87828
2001,Rheinland-Pfalz,Schleswig-Holstein,433,448,881,51,39,90,484,487,971
2001,Rheinland-Pfalz,Hamburg,328,309,637,75,45,120,403,354,757
2001,Rheinland-Pfalz,Niedersachsen,1205,1305,2510,180,152,332,1385,1457,2842
2001,Rheinland-Pfalz,Bremen,108,118,226,40,28,68,148,146,294
2001,Rheinland-Pfalz,Nordrhein-Westfalen,6615,6965,13580,1300,1015,2315,7915,7980,15895
2001,Rheinland-Pfalz,Hessen,5036,5111,10147,1270,1009,2279,6306,6120,12426
2001,Rheinland-Pfalz,Rheinland-Pfalz,0,0,0,0,0,0,0,0,0
2001,Rheinland-Pfalz,Baden-Wuerttemberg,5433,5255,10688,1296,1141,2437,6729,6396,13125
2001,Rheinland-Pfalz,Bayern,2496,2307,4803,564,367,931,3060,2674,5734
2001,Rheinland-Pfalz,Saarland,1595,1676,3271,198,159,357,1793,1835,3628
2001,Rheinland-Pfalz,Berlin,733,683,1416,105,109,214,838,792,1630
2001,Rheinland-Pfalz,Brandenburg,351,269,620,27,19,46,378,288,666
2001,Rheinland-Pfalz,Mecklenburg-Vorpommern,156,127,283,19,14,33,175,141,316
2001,Rheinland-Pfalz,Sachsen,464,426,890,49,24,73,513,450,963
2001,Rheinland-Pfalz,Sachsen-Anhalt,278,223,501,41,17,58,319,240,559
2001,Rheinland-Pfalz,Thueringen,319,290,609,52,30,82,371,320,691
2001,Rheinland-Pfalz,Insgesamt,25550,25512,51062,5267,4168,9435,30817,29680,60497
2001,Baden-Wuerttemberg,Schleswig-Holstein,1153,1279,2432,125,87,212,1278,1366,2644
2001,Baden-Wuerttemberg,Hamburg,1159,1160,2319,229,141,370,1388,1301,2689
2001,Baden-Wuerttemberg,Niedersachsen,3029,3048,6077,482,368,850,3511,3416,6927
2001,Baden-Wuerttemberg,Bremen,331,303,634,71,56,127,402,359,761
2001,Baden-Wuerttemberg,Nordrhein-Westfalen,6373,6495,12868,1908,1369,3277,8281,7864,16145
2001,Baden-Wuerttemberg,Hessen,5720,5586,11306,1693,1126,2819,7413,6712,14125
2001,Baden-Wuerttemberg,Rheinland-Pfalz,5069,4869,9938,1409,969,2378,6478,5838,12316
2001,Baden-Wuerttemberg,Baden-Wuerttemberg,0,0,0,0,0,0,0,0,0
2001,Baden-Wuerttemberg,Bayern,13424,13528,26952,2861,2044,4905,16285,15572,31857
2001,Baden-Wuerttemberg,Saarland,656,635,1291,155,114,269,811,749,1560
2001,Baden-Wuerttemberg,Berlin,2730,2591,5321,475,356,831,3205,2947,6152
2001,Baden-Wuerttemberg,Brandenburg,895,773,1668,63,45,108,958,818,1776
2001,Baden-Wuerttemberg,Mecklenburg-Vorpommern,442,444,886,36,18,54,478,462,940
2001,Baden-Wuerttemberg,Sachsen,2081,1837,3918,192,121,313,2273,1958,4231
2001,Baden-Wuerttemberg,Sachsen-Anhalt,785,686,1471,110,30,140,895,716,1611
2001,Baden-Wuerttemberg,Thueringen,907,853,1760,106,60,166,1013,913,1926
2001,Baden-Wuerttemberg,Insgesamt,44754,44087,88841,9915,6904,16819,54669,50991,105660
2001,Bayern,Schleswig-Holstein,1172,1289,2461,166,104,270,1338,1393,2731
2001,Bayern,Hamburg,1090,1137,2227,267,141,408,1357,1278,2635
2001,Bayern,Niedersachsen,2946,2852,5798,486,359,845,3432,3211,6643
2001,Bayern,Bremen,267,269,536,72,48,120,339,317,656
2001,Bayern,Nordrhein-Westfalen,6186,6061,12247,1926,1299,3225,8112,7360,15472
2001,Bayern,Hessen,4810,4649,9459,1412,938,2350,6222,5587,11809
2001,Bayern,Rheinland-Pfalz,2035,1935,3970,495,341,836,2530,2276,4806
2001,Bayern,Baden-Wuerttemberg,12200,12552,24752,2882,1983,4865,15082,14535,29617
2001,Bayern,Bayern,0,0,0,0,0,0,0,0,0
2001,Bayern,Saarland,386,363,749,77,55,132,463,418,881
2001,Bayern,Berlin,2927,2698,5625,542,398,940,3469,3096,6565
2001,Bayern,Brandenburg,1047,906,1953,66,43,109,1113,949,2062
2001,Bayern,Mecklenburg-Vorpommern,479,405,884,38,13,51,517,418,935
2001,Bayern,Sachsen,3177,2915,6092,249,139,388,3426,3054,6480
2001,Bayern,Sachsen-Anhalt,959,834,1793,178,55,233,1137,889,2026
2001,Bayern,Thueringen,1884,1790,3674,137,65,202,2021,1855,3876
2001,Bayern,Insgesamt,41565,40655,82220,8993,5981,14974,50558,46636,97194
2001,Saarland,Schleswig-Holstein,71,88,159,15,12,27,86,100,186
2001,Saarland,Hamburg,68,61,129,11,11,22,79,72,151
2001,Saarland,Niedersachsen,218,237,455,31,46,77,249,283,532
2001,Saarland,Bremen,19,23,42,20,20,40,39,43,82
2001,Saarland,Nordrhein-Westfalen,672,680,1352,265,194,459,937,874,1811
2001,Saarland,Hessen,484,475,959,136,92,228,620,567,1187
2001,Saarland,Rheinland-Pfalz,1752,1693,3445,245,198,443,1997,1891,3888
2001,Saarland,Baden-Wuerttemberg,939,949,1888,237,184,421,1176,1133,2309
2001,Saarland,Bayern,543,533,1076,94,81,175,637,614,1251
2001,Saarland,Saarland,0,0,0,0,0,0,0,0,0
2001,Saarland,Berlin,174,157,331,49,46,95,223,203,426
2001,Saarland,Brandenburg,44,43,87,0,1,1,44,44,88
2001,Saarland,Mecklenburg-Vorpommern,24,13,37,14,10,24,38,23,61
2001,Saarland,Sachsen,75,64,139,14,15,29,89,79,168
2001,Saarland,Sachsen-Anhalt,39,39,78,6,2,8,45,41,86
2001,Saarland,Thueringen,46,37,83,7,9,16,53,46,99
2001,Saarland,Insgesamt,5168,5092,10260,1144,921,2065,6312,6013,12325
2001,Berlin,Schleswig-Holstein,1177,1129,2306,79,68,147,1256,1197,2453
2001,Berlin,Hamburg,874,879,1753,180,153,333,1054,1032,2086
2001,Berlin,Niedersachsen,2393,2328,4721,294,261,555,2687,2589,5276
2001,Berlin,Bremen,204,248,452,71,53,124,275,301,576
2001,Berlin,Nordrhein-Westfalen,3225,3101,6326,899,710,1609,4124,3811,7935
2001,Berlin,Hessen,1485,1449,2934,369,303,672,1854,1752,3606
2001,Berlin,Rheinland-Pfalz,601,607,1208,167,111,278,768,718,1486
2001,Berlin,Baden-Wuerttemberg,2672,2477,5149,705,542,1247,3377,3019,6396
2001,Berlin,Bayern,3387,3331,6718,805,637,1442,4192,3968,8160
2001,Berlin,Saarland,105,110,215,22,12,34,127,122,249
2001,Berlin,Berlin,0,0,0,0,0,0,0,0,0
2001,Berlin,Brandenburg,16446,16672,33118,818,597,1415,17264,17269,34533
2001,Berlin,Mecklenburg-Vorpommern,1139,1174,2313,131,51,182,1270,1225,2495
2001,Berlin,Sachsen,1093,982,2075,213,126,339,1306,1108,2414
2001,Berlin,Sachsen-Anhalt,672,645,1317,128,77,205,800,722,1522
2001,Berlin,Thueringen,490,455,945,62,49,111,552,504,1056
2001,Berlin,Insgesamt,35963,35587,71550,4943,3750,8693,40906,39337,80243
2001,Brandenburg,Schleswig-Holstein,857,892,1749,18,29,47,875,921,1796
2001,Brandenburg,Hamburg,573,671,1244,28,22,50,601,693,1294
2001,Brandenburg,Niedersachsen,2113,2297,4410,114,88,202,2227,2385,4612
2001,Brandenburg,Bremen,149,180,329,19,13,32,168,193,361
2001,Brandenburg,Nordrhein-Westfalen,2663,2924,5587,244,155,399,2907,3079,5986
2001,Brandenburg,Hessen,1045,1184,2229,69,68,137,1114,1252,2366
2001,Brandenburg,Rheinland-Pfalz,644,677,1321,61,26,87,705,703,1408
2001,Brandenburg,Baden-Wuerttemberg,3319,3219,6538,218,175,393,3537,3394,6931
2001,Brandenburg,Bayern,3430,3321,6751,216,150,366,3646,3471,7117
2001,Brandenburg,Saarland,72,103,175,6,10,16,78,113,191
2001,Brandenburg,Berlin,9863,10430,20293,1207,855,2062,11070,11285,22355
2001,Brandenburg,Brandenburg,0,0,0,0,0,0,0,0,0
2001,Brandenburg,Mecklenburg-Vorpommern,1432,1524,2956,57,35,92,1489,1559,3048
2001,Brandenburg,Sachsen,1752,1847,3599,108,76,184,1860,1923,3783
2001,Brandenburg,Sachsen-Anhalt,984,1046,2030,79,43,122,1063,1089,2152
2001,Brandenburg,Thueringen,430,476,906,18,18,36,448,494,942
2001,Brandenburg,Insgesamt,29326,30791,60117,2462,1763,4225,31788,32554,64342
2001,Mecklenburg-Vorpommern,Schleswig-Holstein,3454,3544,6998,162,112,274,3616,3656,7272
2001,Mecklenburg-Vorpommern,Hamburg,2235,2381,4616,274,172,446,2509,2553,5062
2001,Mecklenburg-Vorpommern,Niedersachsen,2488,2422,4910,208,162,370,2696,2584,5280
2001,Mecklenburg-Vorpommern,Bremen,267,296,563,42,28,70,309,324,633
2001,Mecklenburg-Vorpommern,Nordrhein-Westfalen,1600,1694,3294,289,185,474,1889,1879,3768
2001,Mecklenburg-Vorpommern,Hessen,582,574,1156,69,44,113,651,618,1269
2001,Mecklenburg-Vorpommern,Rheinland-Pfalz,383,353,736,31,29,60,414,382,796
2001,Mecklenburg-Vorpommern,Baden-Wuerttemberg,1325,1232,2557,116,101,217,1441,1333,2774
2001,Mecklenburg-Vorpommern,Bayern,1225,1124,2349,121,80,201,1346,1204,2550
2001,Mecklenburg-Vorpommern,Saarland,59,40,99,9,4,13,68,44,112
2001,Mecklenburg-Vorpommern,Berlin,1796,1933,3729,247,157,404,2043,2090,4133
2001,Mecklenburg-Vorpommern,Brandenburg,1171,1218,2389,45,30,75,1216,1248,2464
2001,Mecklenburg-Vorpommern,Mecklenburg-Vorpommern,0,0,0,0,0,0,0,0,0
2001,Mecklenburg-Vorpommern,Sachsen,607,583,1190,30,24,54,637,607,1244
2001,Mecklenburg-Vorpommern,Sachsen-Anhalt,424,407,831,20,14,34,444,421,865
2001,Mecklenburg-Vorpommern,Thueringen,285,246,531,7,4,11,292,250,542
2001,Mecklenburg-Vorpommern,Insgesamt,17901,18047,35948,1670,1146,2816,19571,19193,38764
2001,Sachsen,Schleswig-Holstein,521,580,1101,44,25,69,565,605,1170
2001,Sachsen,Hamburg,384,439,823,149,69,218,533,508,1041
2001,Sachsen,Niedersachsen,1664,1768,3432,293,182,475,1957,1950,3907
2001,Sachsen,Bremen,135,137,272,43,22,65,178,159,337
2001,Sachsen,Nordrhein-Westfalen,3371,3715,7086,741,438,1179,4112,4153,8265
2001,Sachsen,Hessen,2261,2477,4738,419,203,622,2680,2680,5360
2001,Sachsen,Rheinland-Pfalz,1104,1118,2222,157,78,235,1261,1196,2457
2001,Sachsen,Baden-Wuerttemberg,6993,6734,13727,681,436,1117,7674,7170,14844
2001,Sachsen,Bayern,9649,9480,19129,815,429,1244,10464,9909,20373
2001,Sachsen,Saarland,118,149,267,19,13,32,137,162,299
2001,Sachsen,Berlin,1639,1865,3504,456,246,702,2095,2111,4206
2001,Sachsen,Brandenburg,1585,1726,3311,101,62,163,1686,1788,3474
2001,Sachsen,Mecklenburg-Vorpommern,567,649,1216,50,31,81,617,680,1297
2001,Sachsen,Sachsen,0,0,0,0,0,0,0,0,0
2001,Sachsen,Sachsen-Anhalt,1579,1697,3276,193,90,283,1772,1787,3559
2001,Sachsen,Thueringen,1682,1805,3487,166,55,221,1848,1860,3708
2001,Sachsen,Insgesamt,33252,34339,67591,4327,2379,6706,37579,36718,74297
2001,Sachsen-Anhalt,Schleswig-Holstein,537,566,1103,40,23,63,577,589,1166
2001,Sachsen-Anhalt,Hamburg,385,432,817,89,37,126,474,469,943
2001,Sachsen-Anhalt,Niedersachsen,4817,5337,10154,357,254,611,5174,5591,10765
2001,Sachsen-Anhalt,Bremen,138,141,279,27,11,38,165,152,317
2001,Sachsen-Anhalt,Nordrhein-Westfalen,2735,3100,5835,700,425,1125,3435,3525,6960
2001,Sachsen-Anhalt,Hessen,1354,1450,2804,204,124,328,1558,1574,3132
2001,Sachsen-Anhalt,Rheinland-Pfalz,739,675,1414,157,65,222,896,740,1636
2001,Sachsen-Anhalt,Baden-Wuerttemberg,3318,3181,6499,359,235,594,3677,3416,7093
2001,Sachsen-Anhalt,Bayern,3934,3872,7806,452,246,698,4386,4118,8504
2001,Sachsen-Anhalt,Saarland,54,66,120,8,5,13,62,71,133
2001,Sachsen-Anhalt,Berlin,1157,1273,2430,291,170,461,1448,1443,2891
2001,Sachsen-Anhalt,Brandenburg,1093,1133,2226,61,40,101,1154,1173,2327
2001,Sachsen-Anhalt,Mecklenburg-Vorpommern,539,639,1178,38,23,61,577,662,1239
2001,Sachsen-Anhalt,Sachsen,2298,2461,4759,227,146,373,2525,2607,5132
2001,Sachsen-Anhalt,Sachsen-Anhalt,0,0,0,0,0,0,0,0,0
2001,Sachsen-Anhalt,Thueringen,1268,1285,2553,78,53,131,1346,1338,2684
2001,Sachsen-Anhalt,Insgesamt,24366,25611,49977,3088,1857,4945,27454,27468,54922
2001,Thueringen,Schleswig-Holstein,243,268,511,13,7,20,256,275,531
2001,Thueringen,Hamburg,163,175,338,27,19,46,190,194,384
2001,Thueringen,Niedersachsen,1410,1647,3057,167,125,292,1577,1772,3349
2001,Thueringen,Bremen,62,89,151,15,8,23,77,97,174
2001,Thueringen,Nordrhein-Westfalen,1808,1936,3744,339,221,560,2147,2157,4304
2001,Thueringen,Hessen,2296,2777,5073,258,113,371,2554,2890,5444
2001,Thueringen,Rheinland-Pfalz,632,691,1323,80,52,132,712,743,1455
2001,Thueringen,Baden-Wuerttemberg,2830,2898,5728,274,171,445,3104,3069,6173
2001,Thueringen,Bayern,4377,4900,9277,259,184,443,4636,5084,9720
2001,Thueringen,Saarland,73,83,156,7,2,9,80,85,165
2001,Thueringen,Berlin,676,798,1474,85,64,149,761,862,1623
2001,Thueringen,Brandenburg,401,436,837,15,5,20,416,441,857
2001,Thueringen,Mecklenburg-Vorpommern,241,261,502,16,6,22,257,267,524
2001,Thueringen,Sachsen,1953,2073,4026,168,47,215,2121,2120,4241
2001,Thueringen,Sachsen-Anhalt,1057,1030,2087,68,32,100,1125,1062,2187
2001,Thueringen,Thueringen,0,0,0,0,0,0,0,0,0
2001,Thueringen,Insgesamt,18222,20062,38284,1791,1056,2847,20013,21118,41131
2001,Insgesamt,Schleswig-Holstein,28021,29821,57842,3027,2316,5343,31048,32137,63185
2001,Insgesamt,Hamburg,25226,25756,50982,4198,2949,7147,29424,28705,58129
2001,Insgesamt,Niedersachsen,54404,57055,111459,6483,4864,11347,60887,61919,122806
2001,Insgesamt,Bremen,8890,8940,17830,1595,1196,2791,10485,10136,20621
2001,Insgesamt,Nordrhein-Westfalen,68341,71142,139483,14835,10809,25644,83176,81951,165127
2001,Insgesamt,Hessen,40294,41555,81849,9325,6706,16031,49619,48261,97880
2001,Insgesamt,Rheinland-Pfalz,30165,29752,59917,6158,4396,10554,36323,34148,70471
2001,Insgesamt,Baden-Wuerttemberg,64052,63524,127576,12813,9748,22561,76865,73272,150137
2001,Insgesamt,Bayern,69526,68732,138258,12103,8552,20655,81629,77284,158913
2001,Insgesamt,Saarland,4779,4912,9691,886,730,1616,5665,5642,11307
2001,Insgesamt,Berlin,34920,34851,69771,5558,4213,9771,40478,39064,79542
2001,Insgesamt,Brandenburg,28489,28479,56968,1651,1252,2903,30140,29731,59871
2001,Insgesamt,Mecklenburg-Vorpommern,11796,11781,23577,663,357,1020,12459,12138,24597
2001,Insgesamt,Sachsen,20532,20047,40579,2272,1461,3733,22804,21508,44312
2001,Insgesamt,Sachsen-Anhalt,12753,12385,25138,1567,916,2483,14320,13301,27621
2001,Insgesamt,Thueringen,12139,12114,24253,1273,776,2049,13412,12890,26302
2001,Insgesamt,Insgesamt,514327,520846,1035173,84407,61241,145648,598734,582087,1180821
2002,Schleswig-Holstein,Schleswig-Holstein,0,0,0,0,0,0,0,0,0
2002,Schleswig-Holstein,Hamburg,7988,8122,16110,1111,923,2034,9099,9045,18144
2002,Schleswig-Holstein,Niedersachsen,3799,3877,7676,320,247,567,4119,4124,8243
2002,Schleswig-Holstein,Bremen,382,362,744,85,34,119,467,396,863
2002,Schleswig-Holstein,Nordrhein-Westfalen,2435,2452,4887,395,322,717,2830,2774,5604
2002,Schleswig-Holstein,Hessen,869,921,1790,143,104,247,1012,1025,2037
2002,Schleswig-Holstein,Rheinland-Pfalz,454,467,921,52,52,104,506,519,1025
2002,Schleswig-Holstein,Baden-Wuerttemberg,1330,1339,2669,203,159,362,1533,1498,3031
2002,Schleswig-Holstein,Bayern,1295,1249,2544,212,133,345,1507,1382,2889
2002,Schleswig-Holstein,Saarland,70,84,154,8,6,14,78,90,168
2002,Schleswig-Holstein,Berlin,1266,1181,2447,131,77,208,1397,1258,2655
2002,Schleswig-Holstein,Brandenburg,454,394,848,17,12,29,471,406,877
2002,Schleswig-Holstein,Mecklenburg-Vorpommern,2114,1891,4005,92,40,132,2206,1931,4137
2002,Schleswig-Holstein,Sachsen,342,299,641,21,15,36,363,314,677
2002,Schleswig-Holstein,Sachsen-Anhalt,315,256,571,16,13,29,331,269,600
2002,Schleswig-Holstein,Thueringen,157,151,308,9,11,20,166,162,328
2002,Schleswig-Holstein,Insgesamt,23270,23045,46315,2815,2148,4963,26085,25193,51278
2002,Hamburg,Schleswig-Holstein,9839,10249,20088,917,850,1767,10756,11099,21855
2002,Hamburg,Hamburg,0,0,0,0,0,0,0,0,0
2002,Hamburg,Niedersachsen,5649,5694,11343,587,445,1032,6236,6139,12375
2002,Hamburg,Bremen,315,361,676,100,66,166,415,427,842
2002,Hamburg,Nordrhein-Westfalen,1689,1645,3334,489,284,773,2178,1929,4107
2002,Hamburg,Hessen,762,791,1553,189,137,326,951,928,1879
2002,Hamburg,Rheinland-Pfalz,231,198,429,37,30,67,268,228,496
2002,Hamburg,Baden-Wuerttemberg,938,937,1875,224,172,396,1162,1109,2271
2002,Hamburg,Bayern,1006,985,1991,264,164,428,1270,1149,2419
2002,Hamburg,Saarland,44,42,86,8,5,13,52,47,99
2002,Hamburg,Berlin,1369,1284,2653,235,170,405,1604,1454,3058
2002,Hamburg,Brandenburg,264,257,521,18,9,27,282,266,548
2002,Hamburg,Mecklenburg-Vorpommern,887,844,1731,66,30,96,953,874,1827
2002,Hamburg,Sachsen,205,206,411,39,24,63,244,230,474
2002,Hamburg,Sachsen-Anhalt,175,126,301,24,11,35,199,137,336
2002,Hamburg,Thueringen,116,88,204,19,13,32,135,101,236
2002,Hamburg,Insgesamt,23489,23707,47196,3216,2410,5626,26705,26117,52822
2002,Niedersachsen,Schleswig-Holstein,4763,5069,9832,692,621,1313,5455,5690,11145
2002,Niedersachsen,Hamburg,5885,6000,11885,853,687,1540,6738,6687,13425
2002,Niedersachsen,Niedersachsen,0,0,0,0,0,0,0,0,0
2002,Niedersachsen,Bremen,6035,6103,12138,825,650,1475,6860,6753,13613
2002,Niedersachsen,Nordrhein-Westfalen,20510,21197,41707,3361,2886,6247,23871,24083,47954
2002,Niedersachsen,Hessen,5394,5779,11173,1321,1189,2510,6715,6968,13683
2002,Niedersachsen,Rheinland-Pfalz,2904,3014,5918,649,648,1297,3553,3662,7215
2002,Niedersachsen,Baden-Wuerttemberg,7373,7803,15176,2030,1920,3950,9403,9723,19126
2002,Niedersachsen,Bayern,8194,8642,16836,1843,1656,3499,10037,10298,20335
2002,Niedersachsen,Saarland,564,650,1214,189,179,368,753,829,1582
2002,Niedersachsen,Berlin,3602,3494,7096,575,504,1079,4177,3998,8175
2002,Niedersachsen,Brandenburg,2424,2492,4916,320,312,632,2744,2804,5548
2002,Niedersachsen,Mecklenburg-Vorpommern,2284,2217,4501,341,320,661,2625,2537,5162
2002,Niedersachsen,Sachsen,3397,3495,6892,562,606,1168,3959,4101,8060
2002,Niedersachsen,Sachsen-Anhalt,3881,3860,7741,485,360,845,4366,4220,8586
2002,Niedersachsen,Thueringen,2164,2165,4329,300,292,592,2464,2457,4921
2002,Niedersachsen,Insgesamt,79374,81980,161354,14346,12830,27176,93720,94810,188530
2002,Bremen,Schleswig-Holstein,304,319,623,50,29,79,354,348,702
2002,Bremen,Hamburg,350,411,761,126,106,232,476,517,993
2002,Bremen,Niedersachsen,6108,6436,12544,658,557,1215,6766,6993,13759
2002,Bremen,Bremen,0,0,0,0,0,0,0,0,0
2002,Bremen,Nordrhein-Westfalen,652,688,1340,314,224,538,966,912,1878
2002,Bremen,Hessen,252,245,497,108,62,170,360,307,667
2002,Bremen,Rheinland-Pfalz,92,94,186,10,18,28,102,112,214
2002,Bremen,Baden-Wuerttemberg,320,356,676,81,76,157,401,432,833
2002,Bremen,Bayern,296,291,587,98,60,158,394,351,745
2002,Bremen,Saarland,15,20,35,5,6,11,20,26,46
2002,Bremen,Berlin,323,292,615,67,55,122,390,347,737
2002,Bremen,Brandenburg,53,72,125,10,8,18,63,80,143
2002,Bremen,Mecklenburg-Vorpommern,123,115,238,15,10,25,138,125,263
2002,Bremen,Sachsen,63,71,134,22,19,41,85,90,175
2002,Bremen,Sachsen-Anhalt,60,55,115,15,4,19,75,59,134
2002,Bremen,Thueringen,35,39,74,8,4,12,43,43,86
2002,Bremen,Insgesamt,9046,9504,18550,1587,1238,2825,10633,10742,21375
2002,Nordrhein-Westfalen,Schleswig-Holstein,2831,3186,6017,330,242,572,3161,3428,6589
2002,Nordrhein-Westfalen,Hamburg,2263,2267,4530,598,381,979,2861,2648,5509
2002,Nordrhein-Westfalen,Niedersachsen,13024,13681,26705,1948,1286,3234,14972,14967,29939
2002,Nordrhein-Westfalen,Bremen,712,780,1492,212,191,403,924,971,1895
2002,Nordrhein-Westfalen,Nordrhein-Westfalen,0,0,0,0,0,0,0,0,0
2002,Nordrhein-Westfalen,Hessen,6802,7060,13862,1879,1227,3106,8681,8287,16968
2002,Nordrhein-Westfalen,Rheinland-Pfalz,8018,7805,15823,1183,849,2032,9201,8654,17855
2002,Nordrhein-Westfalen,Baden-Wuerttemberg,7682,7436,15118,1897,1430,3327,9579,8866,18445
2002,Nordrhein-Westfalen,Bayern,7522,7175,14697,1872,1232,3104,9394,8407,17801
2002,Nordrhein-Westfalen,Saarland,614,611,1225,165,113,278,779,724,1503
2002,Nordrhein-Westfalen,Berlin,4365,4131,8496,823,620,1443,5188,4751,9939
2002,Nordrhein-Westfalen,Brandenburg,1327,1217,2544,113,62,175,1440,1279,2719
2002,Nordrhein-Westfalen,Mecklenburg-Vorpommern,987,925,1912,117,43,160,1104,968,2072
2002,Nordrhein-Westfalen,Sachsen,1779,1670,3449,233,181,414,2012,1851,3863
2002,Nordrhein-Westfalen,Sachsen-Anhalt,1194,1149,2343,227,86,313,1421,1235,2656
2002,Nordrhein-Westfalen,Thueringen,1025,949,1974,128,74,202,1153,1023,2176
2002,Nordrhein-Westfalen,Insgesamt,60145,60042,120187,11725,8017,19742,71870,68059,139929
2002,Hessen,Schleswig-Holstein,985,1067,2052,136,98,234,1121,1165,2286
2002,Hessen,Hamburg,896,923,1819,231,150,381,1127,1073,2200
2002,Hessen,Niedersachsen,3534,3737,7271,563,428,991,4097,4165,8262
2002,Hessen,Bremen,271,323,594,89,65,154,360,388,748
2002,Hessen,Nordrhein-Westfalen,6321,6797,13118,1893,1344,3237,8214,8141,16355
2002,Hessen,Hessen,0,0,0,0,0,0,0,0,0
2002,Hessen,Rheinland-Pfalz,5933,5755,11688,1414,1034,2448,7347,6789,14136
2002,Hessen,Baden-Wuerttemberg,6073,6159,12232,1652,1163,2815,7725,7322,15047
2002,Hessen,Bayern,5879,5797,11676,1387,1008,2395,7266,6805,14071
2002,Hessen,Saarland,351,330,681,63,79,142,414,409,823
2002,Hessen,Berlin,1802,1678,3480,327,259,586,2129,1937,4066
2002,Hessen,Brandenburg,434,425,859,51,30,81,485,455,940
2002,Hessen,Mecklenburg-Vorpommern,314,261,575,43,10,53,357,271,628
2002,Hessen,Sachsen,973,934,1907,217,99,316,1190,1033,2223
2002,Hessen,Sachsen-Anhalt,493,498,991,86,37,123,579,535,1114
2002,Hessen,Thueringen,1300,1358,2658,144,83,227,1444,1441,2885
2002,Hessen,Insgesamt,35559,36042,71601,8296,5887,14183,43855,41929,85784
2002,Rheinland-Pfalz,Schleswig-Holstein,447,492,939,59,41,100,506,533,1039
2002,Rheinland-Pfalz,Hamburg,287,275,562,82,56,138,369,331,700
2002,Rheinland-Pfalz,Niedersachsen,1259,1290,2549,223,168,391,1482,1458,2940
2002,Rheinland-Pfalz,Bremen,114,115,229,29,26,55,143,141,284
2002,Rheinland-Pfalz,Nordrhein-Westfalen,6608,6879,13487,1297,1024,2321,7905,7903,15808
2002,Rheinland-Pfalz,Hessen,4816,4970,9786,1333,1003,2336,6149,5973,12122
2002,Rheinland-Pfalz,Rheinland-Pfalz,0,0,0,0,0,0,0,0,0
2002,Rheinland-Pfalz,Baden-Wuerttemberg,5162,5106,10268,1361,1023,2384,6523,6129,12652
2002,Rheinland-Pfalz,Bayern,2151,2165,4316,470,373,843,2621,2538,5159
2002,Rheinland-Pfalz,Saarland,1705,1602,3307,182,171,353,1887,1773,3660
2002,Rheinland-Pfalz,Berlin,689,622,1311,129,111,240,818,733,1551
2002,Rheinland-Pfalz,Brandenburg,244,252,496,32,15,47,276,267,543
2002,Rheinland-Pfalz,Mecklenburg-Vorpommern,168,151,319,26,11,37,194,162,356
2002,Rheinland-Pfalz,Sachsen,438,431,869,74,48,122,512,479,991
2002,Rheinland-Pfalz,Sachsen-Anhalt,295,219,514,48,23,71,343,242,585
2002,Rheinland-Pfalz,Thueringen,328,306,634,25,22,47,353,328,681
2002,Rheinland-Pfalz,Insgesamt,24711,24875,49586,5370,4115,9485,30081,28990,59071
2002,Baden-Wuerttemberg,Schleswig-Holstein,1163,1238,2401,187,118,305,1350,1356,2706
2002,Baden-Wuerttemberg,Hamburg,1086,1040,2126,192,161,353,1278,1201,2479
2002,Baden-Wuerttemberg,Niedersachsen,3096,3082,6178,514,390,904,3610,3472,7082
2002,Baden-Wuerttemberg,Bremen,297,332,629,91,92,183,388,424,812
2002,Baden-Wuerttemberg,Nordrhein-Westfalen,6126,6236,12362,1858,1391,3249,7984,7627,15611
2002,Baden-Wuerttemberg,Hessen,5606,5767,11373,1651,1130,2781,7257,6897,14154
2002,Baden-Wuerttemberg,Rheinland-Pfalz,5373,4987,10360,1369,1025,2394,6742,6012,12754
2002,Baden-Wuerttemberg,Baden-Wuerttemberg,0,0,0,0,0,0,0,0,0
2002,Baden-Wuerttemberg,Bayern,12261,12368,24629,2731,1934,4665,14992,14302,29294
2002,Baden-Wuerttemberg,Saarland,644,649,1293,130,108,238,774,757,1531
2002,Baden-Wuerttemberg,Berlin,2810,2504,5314,467,349,816,3277,2853,6130
2002,Baden-Wuerttemberg,Brandenburg,895,860,1755,78,50,128,973,910,1883
2002,Baden-Wuerttemberg,Mecklenburg-Vorpommern,497,489,986,46,35,81,543,524,1067
2002,Baden-Wuerttemberg,Sachsen,2183,1902,4085,193,116,309,2376,2018,4394
2002,Baden-Wuerttemberg,Sachsen-Anhalt,921,742,1663,131,47,178,1052,789,1841
2002,Baden-Wuerttemberg,Thueringen,984,900,1884,89,38,127,1073,938,2011
2002,Baden-Wuerttemberg,Insgesamt,43942,43096,87038,9727,6984,16711,53669,50080,103749
2002,Bayern,Schleswig-Holstein,1196,1269,2465,205,132,337,1401,1401,2802
2002,Bayern,Hamburg,1062,1103,2165,368,214,582,1430,1317,2747
2002,Bayern,Niedersachsen,3046,2950,5996,709,480,1189,3755,3430,7185
2002,Bayern,Bremen,291,315,606,115,95,210,406,410,816
2002,Bayern,Nordrhein-Westfalen,6194,6033,12227,2063,1385,3448,8257,7418,15675
2002,Bayern,Hessen,4654,4878,9532,1478,964,2442,6132,5842,11974
2002,Bayern,Rheinland-Pfalz,2136,1939,4075,542,341,883,2678,2280,4958
2002,Bayern,Baden-Wuerttemberg,12372,12608,24980,2882,2013,4895,15254,14621,29875
2002,Bayern,Bayern,0,0,0,0,0,0,0,0,0
2002,Bayern,Saarland,407,368,775,88,83,171,495,451,946
2002,Bayern,Berlin,3049,2795,5844,539,440,979,3588,3235,6823
2002,Bayern,Brandenburg,1061,969,2030,65,42,107,1126,1011,2137
2002,Bayern,Mecklenburg-Vorpommern,512,467,979,88,47,135,600,514,1114
2002,Bayern,Sachsen,3355,2977,6332,329,208,537,3684,3185,6869
2002,Bayern,Sachsen-Anhalt,1141,1059,2200,123,71,194,1264,1130,2394
2002,Bayern,Thueringen,2010,1893,3903,161,90,251,2171,1983,4154
2002,Bayern,Insgesamt,42486,41623,84109,9755,6605,16360,52241,48228,100469
2002,Saarland,Schleswig-Holstein,78,95,173,3,7,10,81,102,183
2002,Saarland,Hamburg,56,50,106,52,43,95,108,93,201
2002,Saarland,Niedersachsen,215,196,411,29,38,67,244,234,478
2002,Saarland,Bremen,34,25,59,23,20,43,57,45,102
2002,Saarland,Nordrhein-Westfalen,631,695,1326,261,174,435,892,869,1761
2002,Saarland,Hessen,421,415,836,125,79,204,546,494,1040
2002,Saarland,Rheinland-Pfalz,1804,1701,3505,222,172,394,2026,1873,3899
2002,Saarland,Baden-Wuerttemberg,833,819,1652,188,148,336,1021,967,1988
2002,Saarland,Bayern,412,404,816,124,98,222,536,502,1038
2002,Saarland,Saarland,0,0,0,0,0,0,0,0,0
2002,Saarland,Berlin,155,168,323,49,30,79,204,198,402
2002,Saarland,Brandenburg,40,38,78,3,3,6,43,41,84
2002,Saarland,Mecklenburg-Vorpommern,27,21,48,1,3,4,28,24,52
2002,Saarland,Sachsen,70,72,142,10,10,20,80,82,162
2002,Saarland,Sachsen-Anhalt,37,32,69,4,0,4,41,32,73
2002,Saarland,Thueringen,40,38,78,9,4,13,49,42,91
2002,Saarland,Insgesamt,4853,4769,9622,1103,829,1932,5956,5598,11554
2002,Berlin,Schleswig-Holstein,1209,1194,2403,92,87,179,1301,1281,2582
2002,Berlin,Hamburg,894,1030,1924,200,154,354,1094,1184,2278
2002,Berlin,Niedersachsen,2464,2487,4951,408,285,693,2872,2772,5644
2002,Berlin,Bremen,221,253,474,86,59,145,307,312,619
2002,Berlin,Nordrhein-Westfalen,3369,3266,6635,915,676,1591,4284,3942,8226
2002,Berlin,Hessen,1589,1538,3127,347,289,636,1936,1827,3763
2002,Berlin,Rheinland-Pfalz,663,632,1295,144,108,252,807,740,1547
2002,Berlin,Baden-Wuerttemberg,2810,2696,5506,661,515,1176,3471,3211,6682
2002,Berlin,Bayern,3292,3033,6325,803,642,1445,4095,3675,7770
2002,Berlin,Saarland,132,142,274,53,27,80,185,169,354
2002,Berlin,Berlin,0,0,0,0,0,0,0,0,0
2002,Berlin,Brandenburg,15894,15998,31892,791,619,1410,16685,16617,33302
2002,Berlin,Mecklenburg-Vorpommern,1220,1161,2381,197,102,299,1417,1263,2680
2002,Berlin,Sachsen,1060,1045,2105,276,162,438,1336,1207,2543
2002,Berlin,Sachsen-Anhalt,723,731,1454,154,89,243,877,820,1697
2002,Berlin,Thueringen,470,465,935,78,46,124,548,511,1059
2002,Berlin,Insgesamt,36010,35671,71681,5205,3860,9065,41215,39531,80746
2002,Brandenburg,Schleswig-Holstein,935,983,1918,38,32,70,973,1015,1988
2002,Brandenburg,Hamburg,610,685,1295,68,41,109,678,726,1404
2002,Brandenburg,Niedersachsen,2059,2234,4293,106,96,202,2165,2330,4495
2002,Brandenburg,Bremen,154,196,350,20,13,33,174,209,383
2002,Brandenburg,Nordrhein-Westfalen,2426,2524,4950,250,173,423,2676,2697,5373
2002,Brandenburg,Hessen,1041,1159,2200,121,77,198,1162,1236,2398
2002,Brandenburg,Rheinland-Pfalz,660,635,1295,46,42,88,706,677,1383
2002,Brandenburg,Baden-Wuerttemberg,2897,2832,5729,184,141,325,3081,2973,6054
2002,Brandenburg,Bayern,2788,2712,5500,160,112,272,2948,2824,5772
2002,Brandenburg,Saarland,85,89,174,4,7,11,89,96,185
2002,Brandenburg,Berlin,10414,11147,21561,1184,850,2034,11598,11997,23595
2002,Brandenburg,Brandenburg,0,0,0,0,0,0,0,0,0
2002,Brandenburg,Mecklenburg-Vorpommern,1363,1465,2828,63,29,92,1426,1494,2920
2002,Brandenburg,Sachsen,1666,1761,3427,79,54,133,1745,1815,3560
2002,Brandenburg,Sachsen-Anhalt,995,1005,2000,75,29,104,1070,1034,2104
2002,Brandenburg,Thueringen,448,476,924,26,15,41,474,491,965
2002,Brandenburg,Insgesamt,28541,29903,58444,2424,1711,4135,30965,31614,62579
2002,Mecklenburg-Vorpommern,Schleswig-Holstein,3424,3781,7205,148,110,258,3572,3891,7463
2002,Mecklenburg-Vorpommern,Hamburg,2514,2713,5227,221,131,352,2735,2844,5579
2002,Mecklenburg-Vorpommern,Niedersachsen,2527,2716,5243,146,114,260,2673,2830,5503
2002,Mecklenburg-Vorpommern,Bremen,290,310,600,41,25,66,331,335,666
2002,Mecklenburg-Vorpommern,Nordrhein-Westfalen,1472,1586,3058,259,135,394,1731,1721,3452
2002,Mecklenburg-Vorpommern,Hessen,497,553,1050,86,38,124,583,591,1174
2002,Mecklenburg-Vorpommern,Rheinland-Pfalz,331,324,655,38,25,63,369,349,718
2002,Mecklenburg-Vorpommern,Baden-Wuerttemberg,1171,1146,2317,125,89,214,1296,1235,2531
2002,Mecklenburg-Vorpommern,Bayern,1108,1091,2199,108,56,164,1216,1147,2363
2002,Mecklenburg-Vorpommern,Saarland,51,46,97,4,3,7,55,49,104
2002,Mecklenburg-Vorpommern,Berlin,1684,1834,3518,203,119,322,1887,1953,3840
2002,Mecklenburg-Vorpommern,Brandenburg,1170,1247,2417,44,24,68,1214,1271,2485
2002,Mecklenburg-Vorpommern,Mecklenburg-Vorpommern,0,0,0,0,0,0,0,0,0
2002,Mecklenburg-Vorpommern,Sachsen,541,595,1136,35,27,62,576,622,1198
2002,Mecklenburg-Vorpommern,Sachsen-Anhalt,394,396,790,24,15,39,418,411,829
2002,Mecklenburg-Vorpommern,Thueringen,251,273,524,19,8,27,270,281,551
2002,Mecklenburg-Vorpommern,Insgesamt,17425,18611,36036,1501,919,2420,18926,19530,38456
2002,Sachsen,Schleswig-Holstein,461,534,995,46,24,70,507,558,1065
2002,Sachsen,Hamburg,350,466,816,161,83,244,511,549,1060
2002,Sachsen,Niedersachsen,1702,1810,3512,280,167,447,1982,1977,3959
2002,Sachsen,Bremen,113,140,253,49,30,79,162,170,332
2002,Sachsen,Nordrhein-Westfalen,3071,3491,6562,778,389,1167,3849,3880,7729
2002,Sachsen,Hessen,2067,2173,4240,384,197,581,2451,2370,4821
2002,Sachsen,Rheinland-Pfalz,1114,1049,2163,171,88,259,1285,1137,2422
2002,Sachsen,Baden-Wuerttemberg,6053,5972,12025,562,427,989,6615,6399,13014
2002,Sachsen,Bayern,7888,8100,15988,696,401,1097,8584,8501,17085
2002,Sachsen,Saarland,127,137,264,22,9,31,149,146,295
2002,Sachsen,Berlin,1523,1887,3410,367,239,606,1890,2126,4016
2002,Sachsen,Brandenburg,1542,1698,3240,86,50,136,1628,1748,3376
2002,Sachsen,Mecklenburg-Vorpommern,556,673,1229,40,16,56,596,689,1285
2002,Sachsen,Sachsen,0,0,0,0,0,0,0,0,0
2002,Sachsen,Sachsen-Anhalt,1556,1661,3217,190,85,275,1746,1746,3492
2002,Sachsen,Thueringen,1690,1864,3554,138,76,214,1828,1940,3768
2002,Sachsen,Insgesamt,29813,31655,61468,3970,2281,6251,33783,33936,67719
2002,Sachsen-Anhalt,Schleswig-Holstein,534,574,1108,51,29,80,585,603,1188
2002,Sachsen-Anhalt,Hamburg,343,394,737,51,46,97,394,440,834
2002,Sachsen-Anhalt,Niedersachsen,4692,5264,9956,382,237,619,5074,5501,10575
2002,Sachsen-Anhalt,Bremen,154,174,328,37,12,49,191,186,377
2002,Sachsen-Anhalt,Nordrhein-Westfalen,2543,2874,5417,650,344,994,3193,3218,6411
2002,Sachsen-Anhalt,Hessen,1234,1355,2589,204,125,329,1438,1480,2918
2002,Sachsen-Anhalt,Rheinland-Pfalz,655,644,1299,121,52,173,776,696,1472
2002,Sachsen-Anhalt,Baden-Wuerttemberg,2721,2682,5403,275,151,426,2996,2833,5829
2002,Sachsen-Anhalt,Bayern,3025,3075,6100,353,182,535,3378,3257,6635
2002,Sachsen-Anhalt,Saarland,82,77,159,9,2,11,91,79,170
2002,Sachsen-Anhalt,Berlin,1207,1356,2563,277,195,472,1484,1551,3035
2002,Sachsen-Anhalt,Brandenburg,972,1157,2129,61,58,119,1033,1215,2248
2002,Sachsen-Anhalt,Mecklenburg-Vorpommern,551,612,1163,35,23,58,586,635,1221
2002,Sachsen-Anhalt,Sachsen,2123,2343,4466,242,152,394,2365,2495,4860
2002,Sachsen-Anhalt,Sachsen-Anhalt,0,0,0,0,0,0,0,0,0
2002,Sachsen-Anhalt,Thueringen,1115,1327,2442,94,54,148,1209,1381,2590
2002,Sachsen-Anhalt,Insgesamt,21951,23908,45859,2842,1662,4504,24793,25570,50363
2002,Thueringen,Schleswig-Holstein,285,308,593,26,14,40,311,322,633
2002,Thueringen,Hamburg,183,194,377,23,21,44,206,215,421
2002,Thueringen,Niedersachsen,1409,1568,2977,150,112,262,1559,1680,3239
2002,Thueringen,Bremen,81,80,161,29,10,39,110,90,200
2002,Thueringen,Nordrhein-Westfalen,1571,1770,3341,399,231,630,1970,2001,3971
2002,Thueringen,Hessen,2274,2699,4973,279,113,392,2553,2812,5365
2002,Thueringen,Rheinland-Pfalz,648,635,1283,90,55,145,738,690,1428
2002,Thueringen,Baden-Wuerttemberg,2635,2612,5247,222,178,400,2857,2790,5647
2002,Thueringen,Bayern,3834,4194,8028,279,163,442,4113,4357,8470
2002,Thueringen,Saarland,68,67,135,12,3,15,80,70,150
2002,Thueringen,Berlin,696,810,1506,96,72,168,792,882,1674
2002,Thueringen,Brandenburg,375,458,833,18,15,33,393,473,866
2002,Thueringen,Mecklenburg-Vorpommern,304,335,639,11,7,18,315,342,657
2002,Thueringen,Sachsen,1941,2122,4063,128,75,203,2069,2197,4266
2002,Thueringen,Sachsen-Anhalt,959,1030,1989,62,33,95,1021,1063,2084
2002,Thueringen,Thueringen,0,0,0,0,0,0,0,0,0
2002,Thueringen,Insgesamt,17263,18882,36145,1824,1102,2926,19087,19984,39071
2002,Insgesamt,Schleswig-Holstein,28454,30358,58812,2980,2434,5414,31434,32792,64226
2002,Insgesamt,Hamburg,24767,25673,50440,4337,3197,7534,29104,28870,57974
2002,Insgesamt,Niedersachsen,54583,57022,111605,7023,5050,12073,61606,62072,123678
2002,Insgesamt,Bremen,9464,9869,19333,1831,1388,3219,11295,11257,22552
2002,Insgesamt,Nordrhein-Westfalen,65618,68133,133751,15182,10982,26164,80800,79115,159915
2002,Insgesamt,Hessen,38278,40303,78581,9648,6734,16382,47926,47037,94963
2002,Insgesamt,Rheinland-Pfalz,31016,29879,60895,6088,4539,10627,37104,34418,71522
2002,Insgesamt,Baden-Wuerttemberg,60370,60503,120873,12547,9605,22152,72917,70108,143025
2002,Insgesamt,Bayern,60951,61281,122232,11400,8214,19614,72351,69495,141846
2002,Insgesamt,Saarland,4959,4914,9873,942,801,1743,5901,5715,11616
2002,Insgesamt,Berlin,34954,35183,70137,5469,4090,9559,40423,39273,79696
2002,Insgesamt,Brandenburg,27149,27534,54683,1707,1309,3016,28856,28843,57699
2002,Insgesamt,Mecklenburg-Vorpommern,11907,11627,23534,1181,726,1907,13088,12353,25441
2002,Insgesamt,Sachsen,20136,19923,40059,2460,1796,4256,22596,21719,44315
2002,Insgesamt,Sachsen-Anhalt,13139,12819,25958,1664,903,2567,14803,13722,28525
2002,Insgesamt,Thueringen,12133,12292,24425,1247,830,2077,13380,13122,26502
2002,Insgesamt,Insgesamt,497878,507313,1005191,85706,62598,148304,583584,569911,1153495
2003,Schleswig-Holstein,Schleswig-Holstein,0,0,0,0,0,0,0,0,0
2003,Schleswig-Holstein,Hamburg,8289,8346,16635,980,910,1890,9269,9256,18525
2003,Schleswig-Holstein,Niedersachsen,4024,3999,8023,313,293,606,4337,4292,8629
2003,Schleswig-Holstein,Bremen,387,378,765,64,45,109,451,423,874
2003,Schleswig-Holstein,Nordrhein-Westfalen,2465,2508,4973,323,269,592,2788,2777,5565
2003,Schleswig-Holstein,Hessen,903,864,1767,124,99,223,1027,963,1990
2003,Schleswig-Holstein,Rheinland-Pfalz,468,444,912,51,36,87,519,480,999
2003,Schleswig-Holstein,Baden-Wuerttemberg,1259,1240,2499,187,143,330,1446,1383,2829
2003,Schleswig-Holstein,Bayern,1293,1208,2501,216,150,366,1509,1358,2867
2003,Schleswig-Holstein,Saarland,74,61,135,7,6,13,81,67,148
2003,Schleswig-Holstein,Berlin,1136,1024,2160,85,80,165,1221,1104,2325
2003,Schleswig-Holstein,Brandenburg,444,387,831,20,6,26,464,393,857
2003,Schleswig-Holstein,Mecklenburg-Vorpommern,2058,1994,4052,63,53,116,2121,2047,4168
2003,Schleswig-Holstein,Sachsen,357,317,674,19,15,34,376,332,708
2003,Schleswig-Holstein,Sachsen-Anhalt,327,283,610,16,10,26,343,293,636
2003,Schleswig-Holstein,Thueringen,172,134,306,6,4,10,178,138,316
2003,Schleswig-Holstein,Insgesamt,23656,23187,46843,2474,2119,4593,26130,25306,51436
2003,Hamburg,Schleswig-Holstein,9777,10408,20185,997,885,1882,10774,11293,22067
2003,Hamburg,Hamburg,0,0,0,0,0,0,0,0,0
2003,Hamburg,Niedersachsen,5412,5733,11145,602,417,1019,6014,6150,12164
2003,Hamburg,Bremen,293,310,603,97,62,159,390,372,762
2003,Hamburg,Nordrhein-Westfalen,1709,1832,3541,439,263,702,2148,2095,4243
2003,Hamburg,Hessen,654,685,1339,170,124,294,824,809,1633
2003,Hamburg,Rheinland-Pfalz,236,227,463,56,43,99,292,270,562
2003,Hamburg,Baden-Wuerttemberg,948,847,1795,191,156,347,1139,1003,2142
2003,Hamburg,Bayern,1049,1030,2079,349,198,547,1398,1228,2626
2003,Hamburg,Saarland,61,58,119,12,7,19,73,65,138
2003,Hamburg,Berlin,1088,1029,2117,155,135,290,1243,1164,2407
2003,Hamburg,Brandenburg,261,254,515,14,8,22,275,262,537
2003,Hamburg,Mecklenburg-Vorpommern,992,879,1871,66,48,114,1058,927,1985
2003,Hamburg,Sachsen,232,252,484,30,30,60,262,282,544
2003,Hamburg,Sachsen-Anhalt,190,171,361,32,19,51,222,190,412
2003,Hamburg,Thueringen,109,70,179,6,10,16,115,80,195
2003,Hamburg,Insgesamt,23011,23785,46796,3216,2405,5621,26227,26190,52417
2003,Niedersachsen,Schleswig-Holstein,4599,4701,9300,609,615,1224,5208,5316,10524
2003,Niedersachsen,Hamburg,5780,5806,11586,942,716,1658,6722,6522,13244
2003,Niedersachsen,Niedersachsen,0,0,0,0,0,0,0,0,0
2003,Niedersachsen,Bremen,6004,5827,11831,749,726,1475,6753,6553,13306
2003,Niedersachsen,Nordrhein-Westfalen,19048,20066,39114,3359,2759,6118,22407,22825,45232
2003,Niedersachsen,Hessen,4739,5171,9910,1165,1103,2268,5904,6274,12178
2003,Niedersachsen,Rheinland-Pfalz,2397,2437,4834,549,513,1062,2946,2950,5896
2003,Niedersachsen,Baden-Wuerttemberg,6442,6720,13162,1690,1625,3315,8132,8345,16477
2003,Niedersachsen,Bayern,7267,7606,14873,1679,1423,3102,8946,9029,17975
2003,Niedersachsen,Saarland,463,518,981,189,179,368,652,697,1349
2003,Niedersachsen,Berlin,3251,3171,6422,486,447,933,3737,3618,7355
2003,Niedersachsen,Brandenburg,2204,2237,4441,290,298,588,2494,2535,5029
2003,Niedersachsen,Mecklenburg-Vorpommern,2166,2085,4251,336,304,640,2502,2389,4891
2003,Niedersachsen,Sachsen,2964,3065,6029,577,506,1083,3541,3571,7112
2003,Niedersachsen,Sachsen-Anhalt,3703,3629,7332,434,383,817,4137,4012,8149
2003,Niedersachsen,Thueringen,1915,1958,3873,289,247,536,2204,2205,4409
2003,Niedersachsen,Insgesamt,72942,74997,147939,13343,11844,25187,86285,86841,173126
2003,Bremen,Schleswig-Holstein,303,298,601,35,34,69,338,332,670
2003,Bremen,Hamburg,381,425,806,110,87,197,491,512,1003
2003,Bremen,Niedersachsen,6247,6410,12657,670,557,1227,6917,6967,13884
2003,Bremen,Bremen,0,0,0,0,0,0,0,0,0
2003,Bremen,Nordrhein-Westfalen,653,697,1350,286,215,501,939,912,1851
2003,Bremen,Hessen,211,239,450,91,58,149,302,297,599
2003,Bremen,Rheinland-Pfalz,100,71,171,26,16,42,126,87,213
2003,Bremen,Baden-Wuerttemberg,336,360,696,99,68,167,435,428,863
2003,Bremen,Bayern,316,309,625,116,65,181,432,374,806
2003,Bremen,Saarland,16,13,29,5,4,9,21,17,38
2003,Bremen,Berlin,325,318,643,69,67,136,394,385,779
2003,Bremen,Brandenburg,74,61,135,8,6,14,82,67,149
2003,Bremen,Mecklenburg-Vorpommern,106,103,209,10,9,19,116,112,228
2003,Bremen,Sachsen,94,75,169,42,29,71,136,104,240
2003,Bremen,Sachsen-Anhalt,82,82,164,14,8,22,96,90,186
2003,Bremen,Thueringen,51,47,98,11,5,16,62,52,114
2003,Bremen,Insgesamt,9295,9508,18803,1592,1228,2820,10887,10736,21623
2003,Nordrhein-Westfalen,Schleswig-Holstein,2798,3030,5828,301,245,546,3099,3275,6374
2003,Nordrhein-Westfalen,Hamburg,2243,2262,4505,520,357,877,2763,2619,5382
2003,Nordrhein-Westfalen,Niedersachsen,13318,13896,27214,1846,1380,3226,15164,15276,30440
2003,Nordrhein-Westfalen,Bremen,920,874,1794,246,179,425,1166,1053,2219
2003,Nordrhein-Westfalen,Nordrhein-Westfalen,0,0,0,0,0,0,0,0,0
2003,Nordrhein-Westfalen,Hessen,6465,6706,13171,1830,1259,3089,8295,7965,16260
2003,Nordrhein-Westfalen,Rheinland-Pfalz,7416,7523,14939,1098,838,1936,8514,8361,16875
2003,Nordrhein-Westfalen,Baden-Wuerttemberg,7393,7420,14813,1799,1497,3296,9192,8917,18109
2003,Nordrhein-Westfalen,Bayern,7251,6987,14238,1831,1215,3046,9082,8202,17284
2003,Nordrhein-Westfalen,Saarland,560,580,1140,156,109,265,716,689,1405
2003,Nordrhein-Westfalen,Berlin,4149,3851,8000,731,669,1400,4880,4520,9400
2003,Nordrhein-Westfalen,Brandenburg,1366,1285,2651,107,69,176,1473,1354,2827
2003,Nordrhein-Westfalen,Mecklenburg-Vorpommern,975,952,1927,140,71,211,1115,1023,2138
2003,Nordrhein-Westfalen,Sachsen,1884,1665,3549,301,192,493,2185,1857,4042
2003,Nordrhein-Westfalen,Sachsen-Anhalt,1331,1221,2552,233,93,326,1564,1314,2878
2003,Nordrhein-Westfalen,Thueringen,1102,980,2082,136,81,217,1238,1061,2299
2003,Nordrhein-Westfalen,Insgesamt,59171,59232,118403,11275,8254,19529,70446,67486,137932
2003,Hessen,Schleswig-Holstein,947,1006,1953,114,105,219,1061,1111,2172
2003,Hessen,Hamburg,903,874,1777,217,155,372,1120,1029,2149
2003,Hessen,Niedersachsen,3520,3791,7311,503,385,888,4023,4176,8199
2003,Hessen,Bremen,260,280,540,56,42,98,316,322,638
2003,Hessen,Nordrhein-Westfalen,6447,6786,13233,1896,1356,3252,8343,8142,16485
2003,Hessen,Hessen,0,0,0,0,0,0,0,0,0
2003,Hessen,Rheinland-Pfalz,5846,5696,11542,1357,1047,2404,7203,6743,13946
2003,Hessen,Baden-Wuerttemberg,5915,6009,11924,1767,1173,2940,7682,7182,14864
2003,Hessen,Bayern,5758,5667,11425,1504,994,2498,7262,6661,13923
2003,Hessen,Saarland,374,367,741,69,66,135,443,433,876
2003,Hessen,Berlin,1686,1613,3299,352,255,607,2038,1868,3906
2003,Hessen,Brandenburg,478,500,978,42,34,76,520,534,1054
2003,Hessen,Mecklenburg-Vorpommern,299,273,572,44,22,66,343,295,638
2003,Hessen,Sachsen,1150,1039,2189,144,89,233,1294,1128,2422
2003,Hessen,Sachsen-Anhalt,577,550,1127,88,49,137,665,599,1264
2003,Hessen,Thueringen,1379,1379,2758,108,92,200,1487,1471,2958
2003,Hessen,Insgesamt,35539,35830,71369,8261,5864,14125,43800,41694,85494
2003,Rheinland-Pfalz,Schleswig-Holstein,463,534,997,44,36,80,507,570,1077
2003,Rheinland-Pfalz,Hamburg,289,277,566,45,38,83,334,315,649
2003,Rheinland-Pfalz,Niedersachsen,1169,1221,2390,193,138,331,1362,1359,2721
2003,Rheinland-Pfalz,Bremen,103,105,208,27,17,44,130,122,252
2003,Rheinland-Pfalz,Nordrhein-Westfalen,6627,6877,13504,1232,1001,2233,7859,7878,15737
2003,Rheinland-Pfalz,Hessen,4893,4886,9779,1278,1070,2348,6171,5956,12127
2003,Rheinland-Pfalz,Rheinland-Pfalz,0,0,0,0,0,0,0,0,0
2003,Rheinland-Pfalz,Baden-Wuerttemberg,5085,5173,10258,1185,989,2174,6270,6162,12432
2003,Rheinland-Pfalz,Bayern,2078,2042,4120,428,370,798,2506,2412,4918
2003,Rheinland-Pfalz,Saarland,1677,1499,3176,179,150,329,1856,1649,3505
2003,Rheinland-Pfalz,Berlin,697,653,1350,98,83,181,795,736,1531
2003,Rheinland-Pfalz,Brandenburg,327,284,611,16,5,21,343,289,632
2003,Rheinland-Pfalz,Mecklenburg-Vorpommern,194,157,351,22,11,33,216,168,384
2003,Rheinland-Pfalz,Sachsen,587,491,1078,76,46,122,663,537,1200
2003,Rheinland-Pfalz,Sachsen-Anhalt,295,302,597,39,17,56,334,319,653
2003,Rheinland-Pfalz,Thueringen,345,299,644,30,18,48,375,317,692
2003,Rheinland-Pfalz,Insgesamt,24829,24800,49629,4892,3989,8881,29721,28789,58510
2003,Baden-Wuerttemberg,Schleswig-Holstein,1170,1183,2353,210,129,339,1380,1312,2692
2003,Baden-Wuerttemberg,Hamburg,1096,984,2080,212,149,361,1308,1133,2441
2003,Baden-Wuerttemberg,Niedersachsen,2949,2936,5885,447,376,823,3396,3312,6708
2003,Baden-Wuerttemberg,Bremen,337,315,652,82,46,128,419,361,780
2003,Baden-Wuerttemberg,Nordrhein-Westfalen,6216,6427,12643,1876,1394,3270,8092,7821,15913
2003,Baden-Wuerttemberg,Hessen,5432,5498,10930,1500,1137,2637,6932,6635,13567
2003,Baden-Wuerttemberg,Rheinland-Pfalz,5105,5067,10172,1318,1005,2323,6423,6072,12495
2003,Baden-Wuerttemberg,Baden-Wuerttemberg,0,0,0,0,0,0,0,0,0
2003,Baden-Wuerttemberg,Bayern,12550,12902,25452,2651,1990,4641,15201,14892,30093
2003,Baden-Wuerttemberg,Saarland,612,606,1218,164,116,280,776,722,1498
2003,Baden-Wuerttemberg,Berlin,2571,2353,4924,476,345,821,3047,2698,5745
2003,Baden-Wuerttemberg,Brandenburg,988,921,1909,75,40,115,1063,961,2024
2003,Baden-Wuerttemberg,Mecklenburg-Vorpommern,574,493,1067,70,27,97,644,520,1164
2003,Baden-Wuerttemberg,Sachsen,2420,1983,4403,263,131,394,2683,2114,4797
2003,Baden-Wuerttemberg,Sachsen-Anhalt,929,895,1824,132,55,187,1061,950,2011
2003,Baden-Wuerttemberg,Thueringen,1137,1026,2163,87,72,159,1224,1098,2322
2003,Baden-Wuerttemberg,Insgesamt,44086,43589,87675,9563,7012,16575,53649,50601,104250
2003,Bayern,Schleswig-Holstein,1090,1202,2292,210,136,346,1300,1338,2638
2003,Bayern,Hamburg,1033,1037,2070,368,156,524,1401,1193,2594
2003,Bayern,Niedersachsen,3005,2816,5821,561,389,950,3566,3205,6771
2003,Bayern,Bremen,339,284,623,127,62,189,466,346,812
2003,Bayern,Nordrhein-Westfalen,6360,6184,12544,2179,1327,3506,8539,7511,16050
2003,Bayern,Hessen,4871,4854,9725,1454,997,2451,6325,5851,12176
2003,Bayern,Rheinland-Pfalz,1946,1857,3803,422,318,740,2368,2175,4543
2003,Bayern,Baden-Wuerttemberg,12008,12222,24230,2612,1992,4604,14620,14214,28834
2003,Bayern,Bayern,0,0,0,0,0,0,0,0,0
2003,Bayern,Saarland,387,384,771,93,63,156,480,447,927
2003,Bayern,Berlin,3007,2660,5667,561,433,994,3568,3093,6661
2003,Bayern,Brandenburg,1213,1033,2246,66,48,114,1279,1081,2360
2003,Bayern,Mecklenburg-Vorpommern,518,414,932,46,55,101,564,469,1033
2003,Bayern,Sachsen,3569,3237,6806,325,183,508,3894,3420,7314
2003,Bayern,Sachsen-Anhalt,1191,1036,2227,151,70,221,1342,1106,2448
2003,Bayern,Thueringen,1990,1851,3841,126,69,195,2116,1920,4036
2003,Bayern,Insgesamt,42527,41071,83598,9301,6298,15599,51828,47369,99197
2003,Saarland,Schleswig-Holstein,75,57,132,9,5,14,84,62,146
2003,Saarland,Hamburg,74,60,134,25,19,44,99,79,178
2003,Saarland,Niedersachsen,211,210,421,52,32,84,263,242,505
2003,Saarland,Bremen,12,18,30,22,19,41,34,37,71
2003,Saarland,Nordrhein-Westfalen,646,599,1245,220,159,379,866,758,1624
2003,Saarland,Hessen,350,379,729,117,78,195,467,457,924
2003,Saarland,Rheinland-Pfalz,1697,1608,3305,206,196,402,1903,1804,3707
2003,Saarland,Baden-Wuerttemberg,729,697,1426,173,155,328,902,852,1754
2003,Saarland,Bayern,436,424,860,133,84,217,569,508,1077
2003,Saarland,Saarland,0,0,0,0,0,0,0,0,0
2003,Saarland,Berlin,150,137,287,55,31,86,205,168,373
2003,Saarland,Brandenburg,46,37,83,1,2,3,47,39,86
2003,Saarland,Mecklenburg-Vorpommern,25,27,52,10,16,26,35,43,78
2003,Saarland,Sachsen,87,79,166,27,5,32,114,84,198
2003,Saarland,Sachsen-Anhalt,63,50,113,6,2,8,69,52,121
2003,Saarland,Thueringen,43,43,86,9,2,11,52,45,97
2003,Saarland,Insgesamt,4644,4425,9069,1065,805,1870,5709,5230,10939
2003,Berlin,Schleswig-Holstein,1270,1287,2557,83,88,171,1353,1375,2728
2003,Berlin,Hamburg,1098,1042,2140,217,158,375,1315,1200,2515
2003,Berlin,Niedersachsen,2675,2609,5284,379,330,709,3054,2939,5993
2003,Berlin,Bremen,300,282,582,78,56,134,378,338,716
2003,Berlin,Nordrhein-Westfalen,3438,3504,6942,957,649,1606,4395,4153,8548
2003,Berlin,Hessen,1476,1483,2959,382,276,658,1858,1759,3617
2003,Berlin,Rheinland-Pfalz,640,637,1277,117,91,208,757,728,1485
2003,Berlin,Baden-Wuerttemberg,2772,2637,5409,617,470,1087,3389,3107,6496
2003,Berlin,Bayern,3096,2948,6044,793,596,1389,3889,3544,7433
2003,Berlin,Saarland,119,115,234,33,31,64,152,146,298
2003,Berlin,Berlin,0,0,0,0,0,0,0,0,0
2003,Berlin,Brandenburg,15929,16121,32050,779,627,1406,16708,16748,33456
2003,Berlin,Mecklenburg-Vorpommern,1241,1320,2561,167,91,258,1408,1411,2819
2003,Berlin,Sachsen,1233,1152,2385,235,179,414,1468,1331,2799
2003,Berlin,Sachsen-Anhalt,859,873,1732,174,105,279,1033,978,2011
2003,Berlin,Thueringen,534,483,1017,95,49,144,629,532,1161
2003,Berlin,Insgesamt,36680,36493,73173,5106,3796,8902,41786,40289,82075
2003,Brandenburg,Schleswig-Holstein,754,853,1607,24,14,38,778,867,1645
2003,Brandenburg,Hamburg,657,704,1361,52,30,82,709,734,1443
2003,Brandenburg,Niedersachsen,2108,2094,4202,117,104,221,2225,2198,4423
2003,Brandenburg,Bremen,148,166,314,31,13,44,179,179,358
2003,Brandenburg,Nordrhein-Westfalen,2111,2419,4530,187,145,332,2298,2564,4862
2003,Brandenburg,Hessen,884,973,1857,82,57,139,966,1030,1996
2003,Brandenburg,Rheinland-Pfalz,518,564,1082,35,26,61,553,590,1143
2003,Brandenburg,Baden-Wuerttemberg,2244,2154,4398,145,122,267,2389,2276,4665
2003,Brandenburg,Bayern,2305,2263,4568,129,129,258,2434,2392,4826
2003,Brandenburg,Saarland,59,76,135,7,2,9,66,78,144
2003,Brandenburg,Berlin,10025,10555,20580,1145,923,2068,11170,11478,22648
2003,Brandenburg,Brandenburg,0,0,0,0,0,0,0,0,0
2003,Brandenburg,Mecklenburg-Vorpommern,1435,1570,3005,51,23,74,1486,1593,3079
2003,Brandenburg,Sachsen,1794,1847,3641,124,66,190,1918,1913,3831
2003,Brandenburg,Sachsen-Anhalt,1016,1119,2135,64,32,96,1080,1151,2231
2003,Brandenburg,Thueringen,470,461,931,18,12,30,488,473,961
2003,Brandenburg,Insgesamt,26528,27818,54346,2211,1698,3909,28739,29516,58255
2003,Mecklenburg-Vorpommern,Schleswig-Holstein,3131,3349,6480,123,97,220,3254,3446,6700
2003,Mecklenburg-Vorpommern,Hamburg,2474,2454,4928,221,143,364,2695,2597,5292
2003,Mecklenburg-Vorpommern,Niedersachsen,2299,2406,4705,117,87,204,2416,2493,4909
2003,Mecklenburg-Vorpommern,Bremen,284,303,587,29,23,52,313,326,639
2003,Mecklenburg-Vorpommern,Nordrhein-Westfalen,1454,1488,2942,231,151,382,1685,1639,3324
2003,Mecklenburg-Vorpommern,Hessen,451,524,975,84,39,123,535,563,1098
2003,Mecklenburg-Vorpommern,Rheinland-Pfalz,278,264,542,35,18,53,313,282,595
2003,Mecklenburg-Vorpommern,Baden-Wuerttemberg,998,953,1951,94,62,156,1092,1015,2107
2003,Mecklenburg-Vorpommern,Bayern,881,841,1722,118,73,191,999,914,1913
2003,Mecklenburg-Vorpommern,Saarland,29,32,61,5,2,7,34,34,68
2003,Mecklenburg-Vorpommern,Berlin,1595,1735,3330,211,124,335,1806,1859,3665
2003,Mecklenburg-Vorpommern,Brandenburg,1168,1249,2417,55,44,99,1223,1293,2516
2003,Mecklenburg-Vorpommern,Mecklenburg-Vorpommern,0,0,0,0,0,0,0,0,0
2003,Mecklenburg-Vorpommern,Sachsen,603,612,1215,37,29,66,640,641,1281
2003,Mecklenburg-Vorpommern,Sachsen-Anhalt,395,411,806,18,11,29,413,422,835
2003,Mecklenburg-Vorpommern,Thueringen,286,243,529,10,7,17,296,250,546
2003,Mecklenburg-Vorpommern,Insgesamt,16326,16864,33190,1388,910,2298,17714,17774,35488
2003,Sachsen,Schleswig-Holstein,485,558,1043,63,40,103,548,598,1146
2003,Sachsen,Hamburg,349,428,777,107,75,182,456,503,959
2003,Sachsen,Niedersachsen,1677,1708,3385,249,158,407,1926,1866,3792
2003,Sachsen,Bremen,113,141,254,39,27,66,152,168,320
2003,Sachsen,Nordrhein-Westfalen,2598,3005,5603,642,380,1022,3240,3385,6625
2003,Sachsen,Hessen,1656,1882,3538,337,175,512,1993,2057,4050
2003,Sachsen,Rheinland-Pfalz,863,954,1817,109,80,189,972,1034,2006
2003,Sachsen,Baden-Wuerttemberg,4675,4605,9280,488,382,870,5163,4987,10150
2003,Sachsen,Bayern,6335,6877,13212,611,369,980,6946,7246,14192
2003,Sachsen,Saarland,114,104,218,24,10,34,138,114,252
2003,Sachsen,Berlin,1473,1670,3143,368,231,599,1841,1901,3742
2003,Sachsen,Brandenburg,1488,1577,3065,114,72,186,1602,1649,3251
2003,Sachsen,Mecklenburg-Vorpommern,602,670,1272,50,42,92,652,712,1364
2003,Sachsen,Sachsen,0,0,0,0,0,0,0,0,0
2003,Sachsen,Sachsen-Anhalt,1745,2025,3770,238,107,345,1983,2132,4115
2003,Sachsen,Thueringen,1724,1973,3697,148,81,229,1872,2054,3926
2003,Sachsen,Insgesamt,25897,28177,54074,3587,2229,5816,29484,30406,59890
2003,Sachsen-Anhalt,Schleswig-Holstein,455,543,998,74,35,109,529,578,1107
2003,Sachsen-Anhalt,Hamburg,372,410,782,82,53,135,454,463,917
2003,Sachsen-Anhalt,Niedersachsen,4552,4894,9446,412,266,678,4964,5160,10124
2003,Sachsen-Anhalt,Bremen,143,188,331,25,19,44,168,207,375
2003,Sachsen-Anhalt,Nordrhein-Westfalen,2189,2391,4580,620,369,989,2809,2760,5569
2003,Sachsen-Anhalt,Hessen,1016,1162,2178,224,113,337,1240,1275,2515
2003,Sachsen-Anhalt,Rheinland-Pfalz,545,560,1105,104,42,146,649,602,1251
2003,Sachsen-Anhalt,Baden-Wuerttemberg,2182,2105,4287,247,141,388,2429,2246,4675
2003,Sachsen-Anhalt,Bayern,2442,2486,4928,322,202,524,2764,2688,5452
2003,Sachsen-Anhalt,Saarland,81,73,154,10,6,16,91,79,170
2003,Sachsen-Anhalt,Berlin,1159,1227,2386,303,224,527,1462,1451,2913
2003,Sachsen-Anhalt,Brandenburg,999,1089,2088,49,31,80,1048,1120,2168
2003,Sachsen-Anhalt,Mecklenburg-Vorpommern,540,605,1145,40,19,59,580,624,1204
2003,Sachsen-Anhalt,Sachsen,2314,2422,4736,268,188,456,2582,2610,5192
2003,Sachsen-Anhalt,Sachsen-Anhalt,0,0,0,0,0,0,0,0,0
2003,Sachsen-Anhalt,Thueringen,1299,1456,2755,61,43,104,1360,1499,2859
2003,Sachsen-Anhalt,Insgesamt,20288,21611,41899,2841,1751,4592,23129,23362,46491
2003,Thueringen,Schleswig-Holstein,247,255,502,16,12,28,263,267,530
2003,Thueringen,Hamburg,178,196,374,30,24,54,208,220,428
2003,Thueringen,Niedersachsen,1322,1536,2858,134,82,216,1456,1618,3074
2003,Thueringen,Bremen,83,75,158,5,10,15,88,85,173
2003,Thueringen,Nordrhein-Westfalen,1573,1849,3422,319,191,510,1892,2040,3932
2003,Thueringen,Hessen,2150,2693,4843,235,144,379,2385,2837,5222
2003,Thueringen,Rheinland-Pfalz,582,598,1180,65,64,129,647,662,1309
2003,Thueringen,Baden-Wuerttemberg,2165,2270,4435,189,155,344,2354,2425,4779
2003,Thueringen,Bayern,3586,3909,7495,312,217,529,3898,4126,8024
2003,Thueringen,Saarland,54,55,109,5,5,10,59,60,119
2003,Thueringen,Berlin,699,705,1404,91,87,178,790,792,1582
2003,Thueringen,Brandenburg,379,413,792,13,6,19,392,419,811
2003,Thueringen,Mecklenburg-Vorpommern,310,312,622,20,9,29,330,321,651
2003,Thueringen,Sachsen,2125,2234,4359,137,88,225,2262,2322,4584
2003,Thueringen,Sachsen-Anhalt,1089,1322,2411,80,26,106,1169,1348,2517
2003,Thueringen,Thueringen,0,0,0,0,0,0,0,0,0
2003,Thueringen,Insgesamt,16542,18422,34964,1651,1120,2771,18193,19542,37735
2003,Insgesamt,Schleswig-Holstein,27564,29264,56828,2912,2476,5388,30476,31740,62216
2003,Insgesamt,Hamburg,25216,25305,50521,4128,3070,7198,29344,28375,57719
2003,Insgesamt,Niedersachsen,54488,56259,110747,6595,4994,11589,61083,61253,122336
2003,Insgesamt,Bremen,9726,9546,19272,1677,1346,3023,11403,10892,22295
2003,Insgesamt,Nordrhein-Westfalen,63534,66632,130166,14766,10628,25394,78300,77260,155560
2003,Insgesamt,Hessen,36151,37999,74150,9073,6729,15802,45224,44728,89952
2003,Insgesamt,Rheinland-Pfalz,28637,28507,57144,5548,4333,9881,34185,32840,67025
2003,Insgesamt,Baden-Wuerttemberg,55151,55412,110563,11483,9130,20613,66634,64542,131176
2003,Insgesamt,Bayern,56643,57499,114142,11192,8075,19267,67835,65574,133409
2003,Insgesamt,Saarland,4680,4541,9221,958,756,1714,5638,5297,10935
2003,Insgesamt,Berlin,33011,32701,65712,5186,4134,9320,38197,36835,75032
2003,Insgesamt,Brandenburg,27364,27448,54812,1649,1296,2945,29013,28744,57757
2003,Insgesamt,Mecklenburg-Vorpommern,12035,11854,23889,1135,800,1935,13170,12654,25824
2003,Insgesamt,Sachsen,21413,20470,41883,2605,1776,4381,24018,22246,46264
2003,Insgesamt,Sachsen-Anhalt,13792,13969,27761,1719,987,2706,15511,14956,30467
2003,Insgesamt,Thueringen,12556,12403,24959,1140,792,1932,13696,13195,26891
2003,Insgesamt,Insgesamt,481961,489809,971770,81766,61322,143088,563727,551131,1114858
2004,Schleswig-Holstein,Schleswig-Holstein,0,0,0,0,0,0,0,0,0
2004,Schleswig-Holstein,Hamburg,8936,8640,17576,1055,989,2044,9991,9629,19620
2004,Schleswig-Holstein,Niedersachsen,3946,3879,7825,299,228,527,4245,4107,8352
2004,Schleswig-Holstein,Bremen,413,383,796,68,56,124,481,439,920
2004,Schleswig-Holstein,Nordrhein-Westfalen,2355,2487,4842,352,224,576,2707,2711,5418
2004,Schleswig-Holstein,Hessen,844,903,1747,109,87,196,953,990,1943
2004,Schleswig-Holstein,Rheinland-Pfalz,452,490,942,31,39,70,483,529,1012
2004,Schleswig-Holstein,Baden-Wuerttemberg,1314,1233,2547,190,154,344,1504,1387,2891
2004,Schleswig-Holstein,Bayern,1267,1185,2452,161,153,314,1428,1338,2766
2004,Schleswig-Holstein,Saarland,76,84,160,11,5,16,87,89,176
2004,Schleswig-Holstein,Berlin,1086,1024,2110,110,117,227,1196,1141,2337
2004,Schleswig-Holstein,Brandenburg,496,494,990,18,12,30,514,506,1020
2004,Schleswig-Holstein,Mecklenburg-Vorpommern,2202,1902,4104,75,38,113,2277,1940,4217
2004,Schleswig-Holstein,Sachsen,369,330,699,23,20,43,392,350,742
2004,Schleswig-Holstein,Sachsen-Anhalt,286,248,534,35,17,52,321,265,586
2004,Schleswig-Holstein,Thueringen,168,164,332,18,7,25,186,171,357
2004,Schleswig-Holstein,Insgesamt,24210,23446,47656,2555,2146,4701,26765,25592,52357
2004,Hamburg,Schleswig-Holstein,10494,10955,21449,1012,890,1902,11506,11845,23351
2004,Hamburg,Hamburg,0,0,0,0,0,0,0,0,0
2004,Hamburg,Niedersachsen,5526,5736,11262,543,439,982,6069,6175,12244
2004,Hamburg,Bremen,377,360,737,104,48,152,481,408,889
2004,Hamburg,Nordrhein-Westfalen,1784,1796,3580,400,282,682,2184,2078,4262
2004,Hamburg,Hessen,744,676,1420,137,121,258,881,797,1678
2004,Hamburg,Rheinland-Pfalz,231,251,482,69,35,104,300,286,586
2004,Hamburg,Baden-Wuerttemberg,887,881,1768,224,183,407,1111,1064,2175
2004,Hamburg,Bayern,965,931,1896,304,158,462,1269,1089,2358
2004,Hamburg,Saarland,61,54,115,7,8,15,68,62,130
2004,Hamburg,Berlin,1164,1092,2256,184,141,325,1348,1233,2581
2004,Hamburg,Brandenburg,270,255,525,21,5,26,291,260,551
2004,Hamburg,Mecklenburg-Vorpommern,1130,962,2092,45,38,83,1175,1000,2175
2004,Hamburg,Sachsen,267,234,501,29,25,54,296,259,555
2004,Hamburg,Sachsen-Anhalt,195,165,360,39,19,58,234,184,418
2004,Hamburg,Thueringen,97,71,168,20,5,25,117,76,193
2004,Hamburg,Insgesamt,24192,24419,48611,3138,2397,5535,27330,26816,54146
2004,Niedersachsen,Schleswig-Holstein,4429,4563,8992,641,603,1244,5070,5166,10236
2004,Niedersachsen,Hamburg,5809,5797,11606,797,679,1476,6606,6476,13082
2004,Niedersachsen,Niedersachsen,0,0,0,0,0,0,0,0,0
2004,Niedersachsen,Bremen,6072,5800,11872,733,727,1460,6805,6527,13332
2004,Niedersachsen,Nordrhein-Westfalen,18129,18887,37016,2765,2307,5072,20894,21194,42088
2004,Niedersachsen,Hessen,4825,5176,10001,967,897,1864,5792,6073,11865
2004,Niedersachsen,Rheinland-Pfalz,2272,2357,4629,448,473,921,2720,2830,5550
2004,Niedersachsen,Baden-Wuerttemberg,5827,5947,11774,1496,1322,2818,7323,7269,14592
2004,Niedersachsen,Bayern,6377,6467,12844,1583,1432,3015,7960,7899,15859
2004,Niedersachsen,Saarland,440,446,886,156,158,314,596,604,1200
2004,Niedersachsen,Berlin,3121,2938,6059,475,450,925,3596,3388,6984
2004,Niedersachsen,Brandenburg,2028,2048,4076,254,245,499,2282,2293,4575
2004,Niedersachsen,Mecklenburg-Vorpommern,2032,1901,3933,287,222,509,2319,2123,4442
2004,Niedersachsen,Sachsen,2586,2721,5307,542,460,1002,3128,3181,6309
2004,Niedersachsen,Sachsen-Anhalt,3582,3563,7145,378,309,687,3960,3872,7832
2004,Niedersachsen,Thueringen,1669,1761,3430,248,233,481,1917,1994,3911
2004,Niedersachsen,Insgesamt,69198,70372,139570,11770,10517,22287,80968,80889,161857
2004,Bremen,Schleswig-Holstein,336,313,649,43,40,83,379,353,732
2004,Bremen,Hamburg,445,449,894,141,102,243,586,551,1137
2004,Bremen,Niedersachsen,5984,6140,12124,647,556,1203,6631,6696,13327
2004,Bremen,Bremen,0,0,0,0,0,0,0,0,0
2004,Bremen,Nordrhein-Westfalen,758,783,1541,249,200,449,1007,983,1990
2004,Bremen,Hessen,241,261,502,68,56,124,309,317,626
2004,Bremen,Rheinland-Pfalz,108,100,208,24,17,41,132,117,249
2004,Bremen,Baden-Wuerttemberg,345,322,667,76,64,140,421,386,807
2004,Bremen,Bayern,279,279,558,75,57,132,354,336,690
2004,Bremen,Saarland,24,26,50,7,3,10,31,29,60
2004,Bremen,Berlin,308,257,565,57,51,108,365,308,673
2004,Bremen,Brandenburg,68,71,139,3,5,8,71,76,147
2004,Bremen,Mecklenburg-Vorpommern,149,131,280,23,5,28,172,136,308
2004,Bremen,Sachsen,116,91,207,21,8,29,137,99,236
2004,Bremen,Sachsen-Anhalt,70,73,143,8,6,14,78,79,157
2004,Bremen,Thueringen,50,47,97,6,2,8,56,49,105
2004,Bremen,Insgesamt,9281,9343,18624,1448,1172,2620,10729,10515,21244
2004,Nordrhein-Westfalen,Schleswig-Holstein,2840,3072,5912,414,212,626,3254,3284,6538
2004,Nordrhein-Westfalen,Hamburg,2549,2551,5100,530,349,879,3079,2900,5979
2004,Nordrhein-Westfalen,Niedersachsen,12980,13384,26364,1744,1342,3086,14724,14726,29450
2004,Nordrhein-Westfalen,Bremen,839,907,1746,199,167,366,1038,1074,2112
2004,Nordrhein-Westfalen,Nordrhein-Westfalen,0,0,0,0,0,0,0,0,0
2004,Nordrhein-Westfalen,Hessen,6584,6787,13371,1822,1293,3115,8406,8080,16486
2004,Nordrhein-Westfalen,Rheinland-Pfalz,7255,7337,14592,1194,846,2040,8449,8183,16632
2004,Nordrhein-Westfalen,Baden-Wuerttemberg,7252,7107,14359,1748,1364,3112,9000,8471,17471
2004,Nordrhein-Westfalen,Bayern,7005,7004,14009,1756,1187,2943,8761,8191,16952
2004,Nordrhein-Westfalen,Saarland,603,566,1169,131,93,224,734,659,1393
2004,Nordrhein-Westfalen,Berlin,3839,3577,7416,706,627,1333,4545,4204,8749
2004,Nordrhein-Westfalen,Brandenburg,1328,1198,2526,92,69,161,1420,1267,2687
2004,Nordrhein-Westfalen,Mecklenburg-Vorpommern,1047,944,1991,138,57,195,1185,1001,2186
2004,Nordrhein-Westfalen,Sachsen,1949,1719,3668,304,173,477,2253,1892,4145
2004,Nordrhein-Westfalen,Sachsen-Anhalt,1247,1028,2275,349,104,453,1596,1132,2728
2004,Nordrhein-Westfalen,Thueringen,1016,949,1965,146,65,211,1162,1014,2176
2004,Nordrhein-Westfalen,Insgesamt,58333,58130,116463,11273,7948,19221,69606,66078,135684
2004,Hessen,Schleswig-Holstein,930,1054,1984,125,82,207,1055,1136,2191
2004,Hessen,Hamburg,1010,1043,2053,163,150,313,1173,1193,2366
2004,Hessen,Niedersachsen,3411,3560,6971,467,440,907,3878,4000,7878
2004,Hessen,Bremen,278,290,568,76,49,125,354,339,693
2004,Hessen,Nordrhein-Westfalen,6714,6945,13659,1640,1273,2913,8354,8218,16572
2004,Hessen,Hessen,0,0,0,0,0,0,0,0,0
2004,Hessen,Rheinland-Pfalz,5963,5968,11931,1363,1050,2413,7326,7018,14344
2004,Hessen,Baden-Wuerttemberg,6157,6021,12178,1575,1199,2774,7732,7220,14952
2004,Hessen,Bayern,5497,5287,10784,1372,873,2245,6869,6160,13029
2004,Hessen,Saarland,392,339,731,93,59,152,485,398,883
2004,Hessen,Berlin,1634,1552,3186,283,231,514,1917,1783,3700
2004,Hessen,Brandenburg,550,548,1098,25,23,48,575,571,1146
2004,Hessen,Mecklenburg-Vorpommern,331,315,646,34,32,66,365,347,712
2004,Hessen,Sachsen,1080,978,2058,121,104,225,1201,1082,2283
2004,Hessen,Sachsen-Anhalt,510,499,1009,92,44,136,602,543,1145
2004,Hessen,Thueringen,1334,1429,2763,132,86,218,1466,1515,2981
2004,Hessen,Insgesamt,35791,35828,71619,7561,5695,13256,43352,41523,84875
2004,Rheinland-Pfalz,Schleswig-Holstein,416,475,891,44,42,86,460,517,977
2004,Rheinland-Pfalz,Hamburg,370,318,688,62,47,109,432,365,797
2004,Rheinland-Pfalz,Niedersachsen,1266,1207,2473,177,132,309,1443,1339,2782
2004,Rheinland-Pfalz,Bremen,95,128,223,30,30,60,125,158,283
2004,Rheinland-Pfalz,Nordrhein-Westfalen,6850,6947,13797,1157,1006,2163,8007,7953,15960
2004,Rheinland-Pfalz,Hessen,5030,5179,10209,1281,1091,2372,6311,6270,12581
2004,Rheinland-Pfalz,Rheinland-Pfalz,0,0,0,0,0,0,0,0,0
2004,Rheinland-Pfalz,Baden-Wuerttemberg,5049,5172,10221,1145,991,2136,6194,6163,12357
2004,Rheinland-Pfalz,Bayern,2025,1987,4012,396,317,713,2421,2304,4725
2004,Rheinland-Pfalz,Saarland,1536,1587,3123,212,172,384,1748,1759,3507
2004,Rheinland-Pfalz,Berlin,640,668,1308,101,99,200,741,767,1508
2004,Rheinland-Pfalz,Brandenburg,295,269,564,31,14,45,326,283,609
2004,Rheinland-Pfalz,Mecklenburg-Vorpommern,184,174,358,11,16,27,195,190,385
2004,Rheinland-Pfalz,Sachsen,523,483,1006,49,30,79,572,513,1085
2004,Rheinland-Pfalz,Sachsen-Anhalt,260,241,501,57,22,79,317,263,580
2004,Rheinland-Pfalz,Thueringen,299,299,598,34,22,56,333,321,654
2004,Rheinland-Pfalz,Insgesamt,24838,25134,49972,4787,4031,8818,29625,29165,58790
2004,Baden-Wuerttemberg,Schleswig-Holstein,1183,1241,2424,158,128,286,1341,1369,2710
2004,Baden-Wuerttemberg,Hamburg,1075,1090,2165,248,155,403,1323,1245,2568
2004,Baden-Wuerttemberg,Niedersachsen,2877,2847,5724,437,363,800,3314,3210,6524
2004,Baden-Wuerttemberg,Bremen,298,299,597,102,62,164,400,361,761
2004,Baden-Wuerttemberg,Nordrhein-Westfalen,6366,6437,12803,1829,1385,3214,8195,7822,16017
2004,Baden-Wuerttemberg,Hessen,5551,5614,11165,1570,1231,2801,7121,6845,13966
2004,Baden-Wuerttemberg,Rheinland-Pfalz,5228,5181,10409,1235,1015,2250,6463,6196,12659
2004,Baden-Wuerttemberg,Baden-Wuerttemberg,0,0,0,0,0,0,0,0,0
2004,Baden-Wuerttemberg,Bayern,12527,12756,25283,2628,1967,4595,15155,14723,29878
2004,Baden-Wuerttemberg,Saarland,621,627,1248,165,119,284,786,746,1532
2004,Baden-Wuerttemberg,Berlin,2406,2250,4656,400,347,747,2806,2597,5403
2004,Baden-Wuerttemberg,Brandenburg,1006,939,1945,57,37,94,1063,976,2039
2004,Baden-Wuerttemberg,Mecklenburg-Vorpommern,551,491,1042,56,30,86,607,521,1128
2004,Baden-Wuerttemberg,Sachsen,2327,2083,4410,225,154,379,2552,2237,4789
2004,Baden-Wuerttemberg,Sachsen-Anhalt,893,805,1698,135,56,191,1028,861,1889
2004,Baden-Wuerttemberg,Thueringen,1056,965,2021,97,66,163,1153,1031,2184
2004,Baden-Wuerttemberg,Insgesamt,43965,43625,87590,9342,7115,16457,53307,50740,104047
2004,Bayern,Schleswig-Holstein,1117,1089,2206,160,128,288,1277,1217,2494
2004,Bayern,Hamburg,1190,1126,2316,264,209,473,1454,1335,2789
2004,Bayern,Niedersachsen,2915,2781,5696,491,368,859,3406,3149,6555
2004,Bayern,Bremen,303,270,573,97,52,149,400,322,722
2004,Bayern,Nordrhein-Westfalen,6144,6063,12207,1839,1294,3133,7983,7357,15340
2004,Bayern,Hessen,4874,4762,9636,1524,969,2493,6398,5731,12129
2004,Bayern,Rheinland-Pfalz,1920,1891,3811,510,314,824,2430,2205,4635
2004,Bayern,Baden-Wuerttemberg,12200,12536,24736,2565,1943,4508,14765,14479,29244
2004,Bayern,Bayern,0,0,0,0,0,0,0,0,0
2004,Bayern,Saarland,350,362,712,91,57,148,441,419,860
2004,Bayern,Berlin,2822,2606,5428,521,441,962,3343,3047,6390
2004,Bayern,Brandenburg,1247,1091,2338,86,49,135,1333,1140,2473
2004,Bayern,Mecklenburg-Vorpommern,521,471,992,45,14,59,566,485,1051
2004,Bayern,Sachsen,3658,3292,6950,392,195,587,4050,3487,7537
2004,Bayern,Sachsen-Anhalt,1104,1016,2120,120,78,198,1224,1094,2318
2004,Bayern,Thueringen,2088,1975,4063,160,97,257,2248,2072,4320
2004,Bayern,Insgesamt,42453,41331,83784,8865,6208,15073,51318,47539,98857
2004,Saarland,Schleswig-Holstein,73,80,153,15,9,24,88,89,177
2004,Saarland,Hamburg,61,58,119,30,13,43,91,71,162
2004,Saarland,Niedersachsen,183,190,373,36,31,67,219,221,440
2004,Saarland,Bremen,22,30,52,41,31,72,63,61,124
2004,Saarland,Nordrhein-Westfalen,629,630,1259,356,182,538,985,812,1797
2004,Saarland,Hessen,360,373,733,113,85,198,473,458,931
2004,Saarland,Rheinland-Pfalz,1672,1692,3364,177,154,331,1849,1846,3695
2004,Saarland,Baden-Wuerttemberg,698,760,1458,177,114,291,875,874,1749
2004,Saarland,Bayern,378,388,766,154,85,239,532,473,1005
2004,Saarland,Saarland,0,0,0,0,0,0,0,0,0
2004,Saarland,Berlin,152,128,280,39,28,67,191,156,347
2004,Saarland,Brandenburg,45,47,92,8,0,8,53,47,100
2004,Saarland,Mecklenburg-Vorpommern,33,29,62,19,11,30,52,40,92
2004,Saarland,Sachsen,104,83,187,31,3,34,135,86,221
2004,Saarland,Sachsen-Anhalt,47,32,79,4,9,13,51,41,92
2004,Saarland,Thueringen,44,47,91,11,4,15,55,51,106
2004,Saarland,Insgesamt,4501,4567,9068,1211,759,1970,5712,5326,11038
2004,Berlin,Schleswig-Holstein,1335,1348,2683,137,95,232,1472,1443,2915
2004,Berlin,Hamburg,1255,1183,2438,213,153,366,1468,1336,2804
2004,Berlin,Niedersachsen,2558,2535,5093,341,276,617,2899,2811,5710
2004,Berlin,Bremen,289,296,585,53,44,97,342,340,682
2004,Berlin,Nordrhein-Westfalen,3510,3476,6986,841,674,1515,4351,4150,8501
2004,Berlin,Hessen,1576,1562,3138,362,274,636,1938,1836,3774
2004,Berlin,Rheinland-Pfalz,683,672,1355,151,108,259,834,780,1614
2004,Berlin,Baden-Wuerttemberg,2720,2448,5168,571,460,1031,3291,2908,6199
2004,Berlin,Bayern,2948,2804,5752,649,512,1161,3597,3316,6913
2004,Berlin,Saarland,166,177,343,50,21,71,216,198,414
2004,Berlin,Berlin,0,0,0,0,0,0,0,0,0
2004,Berlin,Brandenburg,16206,16227,32433,791,731,1522,16997,16958,33955
2004,Berlin,Mecklenburg-Vorpommern,1345,1273,2618,173,94,267,1518,1367,2885
2004,Berlin,Sachsen,1280,1259,2539,236,186,422,1516,1445,2961
2004,Berlin,Sachsen-Anhalt,776,782,1558,167,81,248,943,863,1806
2004,Berlin,Thueringen,549,502,1051,89,64,153,638,566,1204
2004,Berlin,Insgesamt,37196,36544,73740,4824,3773,8597,42020,40317,82337
2004,Brandenburg,Schleswig-Holstein,808,897,1705,27,11,38,835,908,1743
2004,Brandenburg,Hamburg,710,755,1465,36,44,80,746,799,1545
2004,Brandenburg,Niedersachsen,1969,2101,4070,101,94,195,2070,2195,4265
2004,Brandenburg,Bremen,136,172,308,11,12,23,147,184,331
2004,Brandenburg,Nordrhein-Westfalen,2085,2227,4312,230,176,406,2315,2403,4718
2004,Brandenburg,Hessen,847,931,1778,107,72,179,954,1003,1957
2004,Brandenburg,Rheinland-Pfalz,478,567,1045,41,34,75,519,601,1120
2004,Brandenburg,Baden-Wuerttemberg,2034,1996,4030,152,122,274,2186,2118,4304
2004,Brandenburg,Bayern,2074,1964,4038,132,102,234,2206,2066,4272
2004,Brandenburg,Saarland,83,81,164,3,4,7,86,85,171
2004,Brandenburg,Berlin,10070,10723,20793,1074,966,2040,11144,11689,22833
2004,Brandenburg,Brandenburg,0,0,0,0,0,0,0,0,0
2004,Brandenburg,Mecklenburg-Vorpommern,1367,1587,2954,40,34,74,1407,1621,3028
2004,Brandenburg,Sachsen,1913,1894,3807,112,80,192,2025,1974,3999
2004,Brandenburg,Sachsen-Anhalt,1041,1130,2171,80,29,109,1121,1159,2280
2004,Brandenburg,Thueringen,436,452,888,32,15,47,468,467,935
2004,Brandenburg,Insgesamt,26051,27477,53528,2178,1795,3973,28229,29272,57501
2004,Mecklenburg-Vorpommern,Schleswig-Holstein,3042,3149,6191,151,88,239,3193,3237,6430
2004,Mecklenburg-Vorpommern,Hamburg,2492,2541,5033,235,176,411,2727,2717,5444
2004,Mecklenburg-Vorpommern,Niedersachsen,2240,2314,4554,211,110,321,2451,2424,4875
2004,Mecklenburg-Vorpommern,Bremen,259,269,528,29,21,50,288,290,578
2004,Mecklenburg-Vorpommern,Nordrhein-Westfalen,1383,1419,2802,235,119,354,1618,1538,3156
2004,Mecklenburg-Vorpommern,Hessen,485,480,965,74,39,113,559,519,1078
2004,Mecklenburg-Vorpommern,Rheinland-Pfalz,296,287,583,36,21,57,332,308,640
2004,Mecklenburg-Vorpommern,Baden-Wuerttemberg,882,912,1794,95,54,149,977,966,1943
2004,Mecklenburg-Vorpommern,Bayern,852,778,1630,86,81,167,938,859,1797
2004,Mecklenburg-Vorpommern,Saarland,36,34,70,11,4,15,47,38,85
2004,Mecklenburg-Vorpommern,Berlin,1580,1643,3223,202,166,368,1782,1809,3591
2004,Mecklenburg-Vorpommern,Brandenburg,1194,1200,2394,38,18,56,1232,1218,2450
2004,Mecklenburg-Vorpommern,Mecklenburg-Vorpommern,0,0,0,0,0,0,0,0,0
2004,Mecklenburg-Vorpommern,Sachsen,581,615,1196,40,31,71,621,646,1267
2004,Mecklenburg-Vorpommern,Sachsen-Anhalt,410,400,810,29,22,51,439,422,861
2004,Mecklenburg-Vorpommern,Thueringen,243,246,489,8,9,17,251,255,506
2004,Mecklenburg-Vorpommern,Insgesamt,15975,16287,32262,1480,959,2439,17455,17246,34701
2004,Sachsen,Schleswig-Holstein,472,549,1021,53,22,75,525,571,1096
2004,Sachsen,Hamburg,416,486,902,109,56,165,525,542,1067
2004,Sachsen,Niedersachsen,1607,1714,3321,215,154,369,1822,1868,3690
2004,Sachsen,Bremen,144,130,274,37,24,61,181,154,335
2004,Sachsen,Nordrhein-Westfalen,2557,2819,5376,666,337,1003,3223,3156,6379
2004,Sachsen,Hessen,1599,1861,3460,293,169,462,1892,2030,3922
2004,Sachsen,Rheinland-Pfalz,824,839,1663,107,69,176,931,908,1839
2004,Sachsen,Baden-Wuerttemberg,4024,4106,8130,449,309,758,4473,4415,8888
2004,Sachsen,Bayern,5645,5698,11343,575,345,920,6220,6043,12263
2004,Sachsen,Saarland,131,147,278,31,12,43,162,159,321
2004,Sachsen,Berlin,1453,1606,3059,397,249,646,1850,1855,3705
2004,Sachsen,Brandenburg,1545,1741,3286,114,71,185,1659,1812,3471
2004,Sachsen,Mecklenburg-Vorpommern,612,720,1332,55,18,73,667,738,1405
2004,Sachsen,Sachsen,0,0,0,0,0,0,0,0,0
2004,Sachsen,Sachsen-Anhalt,1758,1849,3607,233,136,369,1991,1985,3976
2004,Sachsen,Thueringen,1796,1934,3730,164,85,249,1960,2019,3979
2004,Sachsen,Insgesamt,24583,26199,50782,3498,2056,5554,28081,28255,56336
2004,Sachsen-Anhalt,Schleswig-Holstein,518,509,1027,64,31,95,582,540,1122
2004,Sachsen-Anhalt,Hamburg,412,444,856,77,44,121,489,488,977
2004,Sachsen-Anhalt,Niedersachsen,4417,4791,9208,363,262,625,4780,5053,9833
2004,Sachsen-Anhalt,Bremen,159,187,346,37,19,56,196,206,402
2004,Sachsen-Anhalt,Nordrhein-Westfalen,2097,2269,4366,582,321,903,2679,2590,5269
2004,Sachsen-Anhalt,Hessen,983,1047,2030,159,86,245,1142,1133,2275
2004,Sachsen-Anhalt,Rheinland-Pfalz,554,528,1082,101,53,154,655,581,1236
2004,Sachsen-Anhalt,Baden-Wuerttemberg,1925,1836,3761,243,146,389,2168,1982,4150
2004,Sachsen-Anhalt,Bayern,2182,2065,4247,258,163,421,2440,2228,4668
2004,Sachsen-Anhalt,Saarland,79,71,150,15,5,20,94,76,170
2004,Sachsen-Anhalt,Berlin,1113,1241,2354,263,168,431,1376,1409,2785
2004,Sachsen-Anhalt,Brandenburg,984,1091,2075,60,29,89,1044,1120,2164
2004,Sachsen-Anhalt,Mecklenburg-Vorpommern,498,602,1100,23,12,35,521,614,1135
2004,Sachsen-Anhalt,Sachsen,2453,2588,5041,269,174,443,2722,2762,5484
2004,Sachsen-Anhalt,Sachsen-Anhalt,0,0,0,0,0,0,0,0,0
2004,Sachsen-Anhalt,Thueringen,1165,1316,2481,85,36,121,1250,1352,2602
2004,Sachsen-Anhalt,Insgesamt,19539,20585,40124,2599,1549,4148,22138,22134,44272
2004,Thueringen,Schleswig-Holstein,266,310,576,24,17,41,290,327,617
2004,Thueringen,Hamburg,225,245,470,28,17,45,253,262,515
2004,Thueringen,Niedersachsen,1352,1460,2812,111,86,197,1463,1546,3009
2004,Thueringen,Bremen,89,97,186,19,5,24,108,102,210
2004,Thueringen,Nordrhein-Westfalen,1522,1726,3248,315,195,510,1837,1921,3758
2004,Thueringen,Hessen,2053,2467,4520,231,118,349,2284,2585,4869
2004,Thueringen,Rheinland-Pfalz,507,472,979,56,49,105,563,521,1084
2004,Thueringen,Baden-Wuerttemberg,2066,1983,4049,208,123,331,2274,2106,4380
2004,Thueringen,Bayern,3321,3630,6951,245,181,426,3566,3811,7377
2004,Thueringen,Saarland,87,83,170,6,3,9,93,86,179
2004,Thueringen,Berlin,727,716,1443,105,70,175,832,786,1618
2004,Thueringen,Brandenburg,376,445,821,20,15,35,396,460,856
2004,Thueringen,Mecklenburg-Vorpommern,346,321,667,19,15,34,365,336,701
2004,Thueringen,Sachsen,2284,2346,4630,123,101,224,2407,2447,4854
2004,Thueringen,Sachsen-Anhalt,1149,1199,2348,57,27,84,1206,1226,2432
2004,Thueringen,Thueringen,0,0,0,0,0,0,0,0,0
2004,Thueringen,Insgesamt,16370,17500,33870,1567,1022,2589,17937,18522,36459
2004,Insgesamt,Schleswig-Holstein,28259,29604,57863,3068,2398,5466,31327,32002,63329
2004,Insgesamt,Hamburg,26955,26726,53681,3988,3183,7171,30943,29909,60852
2004,Insgesamt,Niedersachsen,53231,54639,107870,6183,4881,11064,59414,59520,118934
2004,Insgesamt,Bremen,9773,9618,19391,1636,1347,2983,11409,10965,22374
2004,Insgesamt,Nordrhein-Westfalen,62883,64911,127794,13456,9975,23431,76339,74886,151225
2004,Insgesamt,Hessen,36596,38079,74675,8817,6588,15405,45413,44667,90080
2004,Insgesamt,Rheinland-Pfalz,28443,28632,57075,5543,4277,9820,33986,32909,66895
2004,Insgesamt,Baden-Wuerttemberg,53380,53260,106640,10914,8548,19462,64294,61808,126102
2004,Insgesamt,Bayern,53342,53223,106565,10374,7613,17987,63716,60836,124552
2004,Insgesamt,Saarland,4685,4684,9369,989,723,1712,5674,5407,11081
2004,Insgesamt,Berlin,32115,32021,64136,4917,4151,9068,37032,36172,73204
2004,Insgesamt,Brandenburg,27638,27664,55302,1618,1323,2941,29256,28987,58243
2004,Insgesamt,Mecklenburg-Vorpommern,12348,11823,24171,1043,636,1679,13391,12459,25850
2004,Insgesamt,Sachsen,21490,20716,42206,2517,1744,4261,24007,22460,46467
2004,Insgesamt,Sachsen-Anhalt,13328,13030,26358,1783,959,2742,15111,13989,29100
2004,Insgesamt,Thueringen,12010,12157,24167,1250,796,2046,13260,12953,26213
2004,Insgesamt,Insgesamt,476476,480787,957263,78096,59142,137238,554572,539929,1094501
2005,Schleswig-Holstein,Schleswig-Holstein,0,0,0,0,0,0,0,0,0
2005,Schleswig-Holstein,Hamburg,8295,8433,16728,915,933,1848,9210,9366,18576
2005,Schleswig-Holstein,Niedersachsen,3839,3830,7669,296,244,540,4135,4074,8209
2005,Schleswig-Holstein,Bremen,397,371,768,56,43,99,453,414,867
2005,Schleswig-Holstein,Nordrhein-Westfalen,2492,2521,5013,436,238,674,2928,2759,5687
2005,Schleswig-Holstein,Hessen,856,847,1703,101,94,195,957,941,1898
2005,Schleswig-Holstein,Rheinland-Pfalz,421,447,868,30,23,53,451,470,921
2005,Schleswig-Holstein,Baden-Wuerttemberg,1277,1260,2537,197,145,342,1474,1405,2879
2005,Schleswig-Holstein,Bayern,1280,1259,2539,151,122,273,1431,1381,2812
2005,Schleswig-Holstein,Saarland,72,71,143,9,4,13,81,75,156
2005,Schleswig-Holstein,Berlin,1082,984,2066,100,87,187,1182,1071,2253
2005,Schleswig-Holstein,Brandenburg,510,475,985,14,17,31,524,492,1016
2005,Schleswig-Holstein,Mecklenburg-Vorpommern,2090,2012,4102,47,32,79,2137,2044,4181
2005,Schleswig-Holstein,Sachsen,376,323,699,16,29,45,392,352,744
2005,Schleswig-Holstein,Sachsen-Anhalt,322,314,636,21,16,37,343,330,673
2005,Schleswig-Holstein,Thueringen,185,168,353,9,16,25,194,184,378
2005,Schleswig-Holstein,Insgesamt,23494,23315,46809,2398,2043,4441,25892,25358,51250
2005,Hamburg,Schleswig-Holstein,9994,10237,20231,1068,961,2029,11062,11198,22260
2005,Hamburg,Hamburg,0,0,0,0,0,0,0,0,0
2005,Hamburg,Niedersachsen,5518,5481,10999,513,456,969,6031,5937,11968
2005,Hamburg,Bremen,315,375,690,101,62,163,416,437,853
2005,Hamburg,Nordrhein-Westfalen,1780,1809,3589,442,261,703,2222,2070,4292
2005,Hamburg,Hessen,716,665,1381,143,139,282,859,804,1663
2005,Hamburg,Rheinland-Pfalz,267,239,506,60,41,101,327,280,607
2005,Hamburg,Baden-Wuerttemberg,911,923,1834,190,149,339,1101,1072,2173
2005,Hamburg,Bayern,1023,1093,2116,242,168,410,1265,1261,2526
2005,Hamburg,Saarland,51,38,89,5,4,9,56,42,98
2005,Hamburg,Berlin,1199,1137,2336,188,155,343,1387,1292,2679
2005,Hamburg,Brandenburg,346,292,638,32,10,42,378,302,680
2005,Hamburg,Mecklenburg-Vorpommern,1025,845,1870,92,37,129,1117,882,1999
2005,Hamburg,Sachsen,275,250,525,34,20,54,309,270,579
2005,Hamburg,Sachsen-Anhalt,166,169,335,27,7,34,193,176,369
2005,Hamburg,Thueringen,122,105,227,16,9,25,138,114,252
2005,Hamburg,Insgesamt,23708,23658,47366,3153,2479,5632,26861,26137,52998
2005,Niedersachsen,Schleswig-Holstein,4344,4549,8893,490,462,952,4834,5011,9845
2005,Niedersachsen,Hamburg,5404,5601,11005,749,639,1388,6153,6240,12393
2005,Niedersachsen,Niedersachsen,0,0,0,0,0,0,0,0,0
2005,Niedersachsen,Bremen,6079,6086,12165,623,599,1222,6702,6685,13387
2005,Niedersachsen,Nordrhein-Westfalen,15721,16745,32466,2654,2126,4780,18375,18871,37246
2005,Niedersachsen,Hessen,4326,4572,8898,835,793,1628,5161,5365,10526
2005,Niedersachsen,Rheinland-Pfalz,1907,1952,3859,320,285,605,2227,2237,4464
2005,Niedersachsen,Baden-Wuerttemberg,5143,5224,10367,1148,1115,2263,6291,6339,12630
2005,Niedersachsen,Bayern,5774,5741,11515,1161,975,2136,6935,6716,13651
2005,Niedersachsen,Saarland,335,361,696,103,114,217,438,475,913
2005,Niedersachsen,Berlin,3099,3034,6133,602,539,1141,3701,3573,7274
2005,Niedersachsen,Brandenburg,1665,1653,3318,161,142,303,1826,1795,3621
2005,Niedersachsen,Mecklenburg-Vorpommern,1695,1594,3289,145,109,254,1840,1703,3543
2005,Niedersachsen,Sachsen,1886,1908,3794,314,258,572,2200,2166,4366
2005,Niedersachsen,Sachsen-Anhalt,3228,2983,6211,278,205,483,3506,3188,6694
2005,Niedersachsen,Thueringen,1306,1227,2533,152,146,298,1458,1373,2831
2005,Niedersachsen,Insgesamt,61912,63230,125142,9735,8507,18242,71647,71737,143384
2005,Bremen,Schleswig-Holstein,295,317,612,39,30,69,334,347,681
2005,Bremen,Hamburg,430,457,887,113,105,218,543,562,1105
2005,Bremen,Niedersachsen,5690,5862,11552,566,522,1088,6256,6384,12640
2005,Bremen,Bremen,0,0,0,0,0,0,0,0,0
2005,Bremen,Nordrhein-Westfalen,777,752,1529,234,189,423,1011,941,1952
2005,Bremen,Hessen,283,280,563,78,51,129,361,331,692
2005,Bremen,Rheinland-Pfalz,111,108,219,20,17,37,131,125,256
2005,Bremen,Baden-Wuerttemberg,390,353,743,99,69,168,489,422,911
2005,Bremen,Bayern,301,299,600,88,67,155,389,366,755
2005,Bremen,Saarland,21,28,49,4,2,6,25,30,55
2005,Bremen,Berlin,336,303,639,62,42,104,398,345,743
2005,Bremen,Brandenburg,77,82,159,5,5,10,82,87,169
2005,Bremen,Mecklenburg-Vorpommern,137,120,257,23,11,34,160,131,291
2005,Bremen,Sachsen,93,133,226,26,5,31,119,138,257
2005,Bremen,Sachsen-Anhalt,83,73,156,7,6,13,90,79,169
2005,Bremen,Thueringen,50,41,91,6,3,9,56,44,100
2005,Bremen,Insgesamt,9074,9208,18282,1370,1124,2494,10444,10332,20776
2005,Nordrhein-Westfalen,Schleswig-Holstein,2630,2825,5455,321,204,525,2951,3029,5980
2005,Nordrhein-Westfalen,Hamburg,2451,2395,4846,578,359,937,3029,2754,5783
2005,Nordrhein-Westfalen,Niedersachsen,12352,12904,25256,1753,1192,2945,14105,14096,28201
2005,Nordrhein-Westfalen,Bremen,839,907,1746,174,151,325,1013,1058,2071
2005,Nordrhein-Westfalen,Nordrhein-Westfalen,0,0,0,0,0,0,0,0,0
2005,Nordrhein-Westfalen,Hessen,6514,7004,13518,1803,1323,3126,8317,8327,16644
2005,Nordrhein-Westfalen,Rheinland-Pfalz,7317,7469,14786,1099,892,1991,8416,8361,16777
2005,Nordrhein-Westfalen,Baden-Wuerttemberg,7388,7389,14777,1855,1371,3226,9243,8760,18003
2005,Nordrhein-Westfalen,Bayern,7755,7594,15349,1693,1238,2931,9448,8832,18280
2005,Nordrhein-Westfalen,Saarland,615,591,1206,161,117,278,776,708,1484
2005,Nordrhein-Westfalen,Berlin,3790,3735,7525,662,574,1236,4452,4309,8761
2005,Nordrhein-Westfalen,Brandenburg,1369,1276,2645,102,63,165,1471,1339,2810
2005,Nordrhein-Westfalen,Mecklenburg-Vorpommern,965,945,1910,134,44,178,1099,989,2088
2005,Nordrhein-Westfalen,Sachsen,1880,1720,3600,271,165,436,2151,1885,4036
2005,Nordrhein-Westfalen,Sachsen-Anhalt,1240,1202,2442,188,101,289,1428,1303,2731
2005,Nordrhein-Westfalen,Thueringen,1009,952,1961,111,90,201,1120,1042,2162
2005,Nordrhein-Westfalen,Insgesamt,58114,58908,117022,10905,7884,18789,69019,66792,135811
2005,Hessen,Schleswig-Holstein,910,1100,2010,102,75,177,1012,1175,2187
2005,Hessen,Hamburg,931,946,1877,185,170,355,1116,1116,2232
2005,Hessen,Niedersachsen,3327,3404,6731,426,326,752,3753,3730,7483
2005,Hessen,Bremen,224,228,452,44,45,89,268,273,541
2005,Hessen,Nordrhein-Westfalen,6755,7129,13884,1630,1194,2824,8385,8323,16708
2005,Hessen,Hessen,0,0,0,0,0,0,0,0,0
2005,Hessen,Rheinland-Pfalz,6740,7174,13914,1194,1046,2240,7934,8220,16154
2005,Hessen,Baden-Wuerttemberg,6050,6172,12222,1521,1158,2679,7571,7330,14901
2005,Hessen,Bayern,6000,5873,11873,1374,953,2327,7374,6826,14200
2005,Hessen,Saarland,354,346,700,84,45,129,438,391,829
2005,Hessen,Berlin,1702,1640,3342,281,298,579,1983,1938,3921
2005,Hessen,Brandenburg,547,522,1069,44,41,85,591,563,1154
2005,Hessen,Mecklenburg-Vorpommern,355,332,687,41,22,63,396,354,750
2005,Hessen,Sachsen,1148,1077,2225,125,75,200,1273,1152,2425
2005,Hessen,Sachsen-Anhalt,636,534,1170,56,47,103,692,581,1273
2005,Hessen,Thueringen,1353,1409,2762,97,88,185,1450,1497,2947
2005,Hessen,Insgesamt,37032,37886,74918,7204,5583,12787,44236,43469,87705
2005,Rheinland-Pfalz,Schleswig-Holstein,427,455,882,43,34,77,470,489,959
2005,Rheinland-Pfalz,Hamburg,342,337,679,53,53,106,395,390,785
2005,Rheinland-Pfalz,Niedersachsen,1141,1121,2262,136,101,237,1277,1222,2499
2005,Rheinland-Pfalz,Bremen,101,104,205,17,17,34,118,121,239
2005,Rheinland-Pfalz,Nordrhein-Westfalen,7138,7453,14591,1171,896,2067,8309,8349,16658
2005,Rheinland-Pfalz,Hessen,5161,5351,10512,1207,1018,2225,6368,6369,12737
2005,Rheinland-Pfalz,Rheinland-Pfalz,0,0,0,0,0,0,0,0,0
2005,Rheinland-Pfalz,Baden-Wuerttemberg,5168,5028,10196,1222,994,2216,6390,6022,12412
2005,Rheinland-Pfalz,Bayern,2262,2102,4364,361,298,659,2623,2400,5023
2005,Rheinland-Pfalz,Saarland,1641,1608,3249,175,173,348,1816,1781,3597
2005,Rheinland-Pfalz,Berlin,747,639,1386,106,98,204,853,737,1590
2005,Rheinland-Pfalz,Brandenburg,316,275,591,39,23,62,355,298,653
2005,Rheinland-Pfalz,Mecklenburg-Vorpommern,217,181,398,21,8,29,238,189,427
2005,Rheinland-Pfalz,Sachsen,491,483,974,49,32,81,540,515,1055
2005,Rheinland-Pfalz,Sachsen-Anhalt,287,261,548,29,26,55,316,287,603
2005,Rheinland-Pfalz,Thueringen,333,240,573,20,12,32,353,252,605
2005,Rheinland-Pfalz,Insgesamt,25772,25638,51410,4649,3783,8432,30421,29421,59842
2005,Baden-Wuerttemberg,Schleswig-Holstein,1089,1241,2330,173,117,290,1262,1358,2620
2005,Baden-Wuerttemberg,Hamburg,1155,1063,2218,253,189,442,1408,1252,2660
2005,Baden-Wuerttemberg,Niedersachsen,2825,2758,5583,402,347,749,3227,3105,6332
2005,Baden-Wuerttemberg,Bremen,294,264,558,75,57,132,369,321,690
2005,Baden-Wuerttemberg,Nordrhein-Westfalen,6619,6685,13304,1688,1413,3101,8307,8098,16405
2005,Baden-Wuerttemberg,Hessen,5590,5819,11409,1390,1178,2568,6980,6997,13977
2005,Baden-Wuerttemberg,Rheinland-Pfalz,5300,5653,10953,1339,1042,2381,6639,6695,13334
2005,Baden-Wuerttemberg,Baden-Wuerttemberg,0,0,0,0,0,0,0,0,0
2005,Baden-Wuerttemberg,Bayern,13645,13930,27575,2529,1958,4487,16174,15888,32062
2005,Baden-Wuerttemberg,Saarland,624,616,1240,132,136,268,756,752,1508
2005,Baden-Wuerttemberg,Berlin,2630,2416,5046,444,393,837,3074,2809,5883
2005,Baden-Wuerttemberg,Brandenburg,973,921,1894,68,54,122,1041,975,2016
2005,Baden-Wuerttemberg,Mecklenburg-Vorpommern,557,493,1050,37,29,66,594,522,1116
2005,Baden-Wuerttemberg,Sachsen,2331,2064,4395,165,122,287,2496,2186,4682
2005,Baden-Wuerttemberg,Sachsen-Anhalt,898,751,1649,82,46,128,980,797,1777
2005,Baden-Wuerttemberg,Thueringen,1117,997,2114,74,55,129,1191,1052,2243
2005,Baden-Wuerttemberg,Insgesamt,45647,45671,91318,8851,7136,15987,54498,52807,107305
2005,Bayern,Schleswig-Holstein,1129,1143,2272,180,131,311,1309,1274,2583
2005,Bayern,Hamburg,1142,1093,2235,246,170,416,1388,1263,2651
2005,Bayern,Niedersachsen,2814,2709,5523,454,390,844,3268,3099,6367
2005,Bayern,Bremen,301,277,578,57,50,107,358,327,685
2005,Bayern,Nordrhein-Westfalen,6170,5964,12134,1686,1205,2891,7856,7169,15025
2005,Bayern,Hessen,4947,5032,9979,1308,916,2224,6255,5948,12203
2005,Bayern,Rheinland-Pfalz,2006,2106,4112,405,302,707,2411,2408,4819
2005,Bayern,Baden-Wuerttemberg,12159,12658,24817,2585,1771,4356,14744,14429,29173
2005,Bayern,Bayern,0,0,0,0,0,0,0,0,0
2005,Bayern,Saarland,326,355,681,58,58,116,384,413,797
2005,Bayern,Berlin,2761,2545,5306,555,442,997,3316,2987,6303
2005,Bayern,Brandenburg,1144,1012,2156,84,51,135,1228,1063,2291
2005,Bayern,Mecklenburg-Vorpommern,582,507,1089,49,35,84,631,542,1173
2005,Bayern,Sachsen,3606,3173,6779,255,166,421,3861,3339,7200
2005,Bayern,Sachsen-Anhalt,1123,993,2116,135,67,202,1258,1060,2318
2005,Bayern,Thueringen,2049,1848,3897,149,85,234,2198,1933,4131
2005,Bayern,Insgesamt,42259,41415,83674,8206,5839,14045,50465,47254,97719
2005,Saarland,Schleswig-Holstein,88,75,163,21,11,32,109,86,195
2005,Saarland,Hamburg,58,63,121,22,18,40,80,81,161
2005,Saarland,Niedersachsen,189,173,362,36,41,77,225,214,439
2005,Saarland,Bremen,21,21,42,16,18,34,37,39,76
2005,Saarland,Nordrhein-Westfalen,692,746,1438,244,135,379,936,881,1817
2005,Saarland,Hessen,417,395,812,112,90,202,529,485,1014
2005,Saarland,Rheinland-Pfalz,1769,1801,3570,190,165,355,1959,1966,3925
2005,Saarland,Baden-Wuerttemberg,763,779,1542,188,152,340,951,931,1882
2005,Saarland,Bayern,445,435,880,129,92,221,574,527,1101
2005,Saarland,Saarland,0,0,0,0,0,0,0,0,0
2005,Saarland,Berlin,161,154,315,30,32,62,191,186,377
2005,Saarland,Brandenburg,41,45,86,4,3,7,45,48,93
2005,Saarland,Mecklenburg-Vorpommern,35,29,64,20,18,38,55,47,102
2005,Saarland,Sachsen,92,82,174,22,20,42,114,102,216
2005,Saarland,Sachsen-Anhalt,32,48,80,28,10,38,60,58,118
2005,Saarland,Thueringen,49,49,98,3,4,7,52,53,105
2005,Saarland,Insgesamt,4852,4895,9747,1065,809,1874,5917,5704,11621
2005,Berlin,Schleswig-Holstein,1198,1168,2366,95,89,184,1293,1257,2550
2005,Berlin,Hamburg,1108,1173,2281,217,172,389,1325,1345,2670
2005,Berlin,Niedersachsen,2356,2351,4707,351,224,575,2707,2575,5282
2005,Berlin,Bremen,238,231,469,46,36,82,284,267,551
2005,Berlin,Nordrhein-Westfalen,3229,3337,6566,656,567,1223,3885,3904,7789
2005,Berlin,Hessen,1613,1600,3213,319,280,599,1932,1880,3812
2005,Berlin,Rheinland-Pfalz,724,728,1452,145,118,263,869,846,1715
2005,Berlin,Baden-Wuerttemberg,2665,2519,5184,478,404,882,3143,2923,6066
2005,Berlin,Bayern,3057,2944,6001,632,522,1154,3689,3466,7155
2005,Berlin,Saarland,127,111,238,37,35,72,164,146,310
2005,Berlin,Berlin,0,0,0,0,0,0,0,0,0
2005,Berlin,Brandenburg,15225,15462,30687,800,739,1539,16025,16201,32226
2005,Berlin,Mecklenburg-Vorpommern,1260,1216,2476,177,111,288,1437,1327,2764
2005,Berlin,Sachsen,1280,1243,2523,206,157,363,1486,1400,2886
2005,Berlin,Sachsen-Anhalt,829,841,1670,156,74,230,985,915,1900
2005,Berlin,Thueringen,524,492,1016,73,53,126,597,545,1142
2005,Berlin,Insgesamt,35433,35416,70849,4388,3581,7969,39821,38997,78818
2005,Brandenburg,Schleswig-Holstein,793,781,1574,34,28,62,827,809,1636
2005,Brandenburg,Hamburg,626,701,1327,71,29,100,697,730,1427
2005,Brandenburg,Niedersachsen,1751,1739,3490,87,79,166,1838,1818,3656
2005,Brandenburg,Bremen,151,154,305,13,7,20,164,161,325
2005,Brandenburg,Nordrhein-Westfalen,1988,2115,4103,236,203,439,2224,2318,4542
2005,Brandenburg,Hessen,823,899,1722,82,76,158,905,975,1880
2005,Brandenburg,Rheinland-Pfalz,557,504,1061,30,30,60,587,534,1121
2005,Brandenburg,Baden-Wuerttemberg,1807,1792,3599,150,123,273,1957,1915,3872
2005,Brandenburg,Bayern,1906,1883,3789,138,103,241,2044,1986,4030
2005,Brandenburg,Saarland,79,84,163,11,8,19,90,92,182
2005,Brandenburg,Berlin,10058,10488,20546,1099,923,2022,11157,11411,22568
2005,Brandenburg,Brandenburg,0,0,0,0,0,0,0,0,0
2005,Brandenburg,Mecklenburg-Vorpommern,1455,1628,3083,33,31,64,1488,1659,3147
2005,Brandenburg,Sachsen,2197,2249,4446,85,77,162,2282,2326,4608
2005,Brandenburg,Sachsen-Anhalt,1153,1260,2413,67,34,101,1220,1294,2514
2005,Brandenburg,Thueringen,501,492,993,21,6,27,522,498,1020
2005,Brandenburg,Insgesamt,25845,26769,52614,2157,1757,3914,28002,28526,56528
2005,Mecklenburg-Vorpommern,Schleswig-Holstein,2681,2860,5541,123,90,213,2804,2950,5754
2005,Mecklenburg-Vorpommern,Hamburg,2203,2171,4374,221,155,376,2424,2326,4750
2005,Mecklenburg-Vorpommern,Niedersachsen,2088,1990,4078,132,104,236,2220,2094,4314
2005,Mecklenburg-Vorpommern,Bremen,219,250,469,25,16,41,244,266,510
2005,Mecklenburg-Vorpommern,Nordrhein-Westfalen,1286,1301,2587,243,155,398,1529,1456,2985
2005,Mecklenburg-Vorpommern,Hessen,470,483,953,57,32,89,527,515,1042
2005,Mecklenburg-Vorpommern,Rheinland-Pfalz,252,271,523,44,14,58,296,285,581
2005,Mecklenburg-Vorpommern,Baden-Wuerttemberg,887,788,1675,102,78,180,989,866,1855
2005,Mecklenburg-Vorpommern,Bayern,841,686,1527,94,59,153,935,745,1680
2005,Mecklenburg-Vorpommern,Saarland,35,33,68,8,2,10,43,35,78
2005,Mecklenburg-Vorpommern,Berlin,1608,1730,3338,192,167,359,1800,1897,3697
2005,Mecklenburg-Vorpommern,Brandenburg,1243,1281,2524,56,42,98,1299,1323,2622
2005,Mecklenburg-Vorpommern,Mecklenburg-Vorpommern,0,0,0,0,0,0,0,0,0
2005,Mecklenburg-Vorpommern,Sachsen,642,695,1337,32,17,49,674,712,1386
2005,Mecklenburg-Vorpommern,Sachsen-Anhalt,434,467,901,29,18,47,463,485,948
2005,Mecklenburg-Vorpommern,Thueringen,273,257,530,12,10,22,285,267,552
2005,Mecklenburg-Vorpommern,Insgesamt,15162,15263,30425,1370,959,2329,16532,16222,32754
2005,Sachsen,Schleswig-Holstein,458,487,945,60,44,104,518,531,1049
2005,Sachsen,Hamburg,405,440,845,83,58,141,488,498,986
2005,Sachsen,Niedersachsen,1525,1673,3198,188,118,306,1713,1791,3504
2005,Sachsen,Bremen,113,139,252,32,22,54,145,161,306
2005,Sachsen,Nordrhein-Westfalen,2420,2566,4986,614,356,970,3034,2922,5956
2005,Sachsen,Hessen,1547,1708,3255,309,200,509,1856,1908,3764
2005,Sachsen,Rheinland-Pfalz,781,830,1611,100,74,174,881,904,1785
2005,Sachsen,Baden-Wuerttemberg,3686,3593,7279,379,283,662,4065,3876,7941
2005,Sachsen,Bayern,5574,5703,11277,549,347,896,6123,6050,12173
2005,Sachsen,Saarland,104,89,193,26,23,49,130,112,242
2005,Sachsen,Berlin,1506,1777,3283,380,266,646,1886,2043,3929
2005,Sachsen,Brandenburg,1631,1673,3304,136,77,213,1767,1750,3517
2005,Sachsen,Mecklenburg-Vorpommern,625,700,1325,41,30,71,666,730,1396
2005,Sachsen,Sachsen,0,0,0,0,0,0,0,0,0
2005,Sachsen,Sachsen-Anhalt,1806,2021,3827,195,110,305,2001,2131,4132
2005,Sachsen,Thueringen,1787,1924,3711,145,83,228,1932,2007,3939
2005,Sachsen,Insgesamt,23968,25323,49291,3237,2091,5328,27205,27414,54619
2005,Sachsen-Anhalt,Schleswig-Holstein,478,471,949,61,25,86,539,496,1035
2005,Sachsen-Anhalt,Hamburg,367,485,852,72,46,118,439,531,970
2005,Sachsen-Anhalt,Niedersachsen,3748,4157,7905,303,218,521,4051,4375,8426
2005,Sachsen-Anhalt,Bremen,127,148,275,30,11,41,157,159,316
2005,Sachsen-Anhalt,Nordrhein-Westfalen,1946,2123,4069,652,329,981,2598,2452,5050
2005,Sachsen-Anhalt,Hessen,954,1041,1995,185,96,281,1139,1137,2276
2005,Sachsen-Anhalt,Rheinland-Pfalz,477,474,951,105,53,158,582,527,1109
2005,Sachsen-Anhalt,Baden-Wuerttemberg,1755,1677,3432,274,136,410,2029,1813,3842
2005,Sachsen-Anhalt,Bayern,2013,1864,3877,264,146,410,2277,2010,4287
2005,Sachsen-Anhalt,Saarland,57,53,110,10,8,18,67,61,128
2005,Sachsen-Anhalt,Berlin,1114,1338,2452,234,164,398,1348,1502,2850
2005,Sachsen-Anhalt,Brandenburg,979,1213,2192,61,26,87,1040,1239,2279
2005,Sachsen-Anhalt,Mecklenburg-Vorpommern,505,586,1091,25,14,39,530,600,1130
2005,Sachsen-Anhalt,Sachsen,2773,2862,5635,221,129,350,2994,2991,5985
2005,Sachsen-Anhalt,Sachsen-Anhalt,0,0,0,0,0,0,0,0,0
2005,Sachsen-Anhalt,Thueringen,1159,1342,2501,112,34,146,1271,1376,2647
2005,Sachsen-Anhalt,Insgesamt,18452,19834,38286,2609,1435,4044,21061,21269,42330
2005,Thueringen,Schleswig-Holstein,253,294,547,21,16,37,274,310,584
2005,Thueringen,Hamburg,221,212,433,38,16,54,259,228,487
2005,Thueringen,Niedersachsen,1272,1352,2624,113,76,189,1385,1428,2813
2005,Thueringen,Bremen,64,83,147,13,9,22,77,92,169
2005,Thueringen,Nordrhein-Westfalen,1587,1765,3352,291,167,458,1878,1932,3810
2005,Thueringen,Hessen,2098,2505,4603,229,140,369,2327,2645,4972
2005,Thueringen,Rheinland-Pfalz,575,591,1166,71,35,106,646,626,1272
2005,Thueringen,Baden-Wuerttemberg,1950,1914,3864,174,121,295,2124,2035,4159
2005,Thueringen,Bayern,3325,3654,6979,271,166,437,3596,3820,7416
2005,Thueringen,Saarland,67,58,125,8,8,16,75,66,141
2005,Thueringen,Berlin,720,769,1489,99,74,173,819,843,1662
2005,Thueringen,Brandenburg,373,452,825,23,11,34,396,463,859
2005,Thueringen,Mecklenburg-Vorpommern,303,343,646,11,7,18,314,350,664
2005,Thueringen,Sachsen,2598,2676,5274,150,105,255,2748,2781,5529
2005,Thueringen,Sachsen-Anhalt,1168,1249,2417,63,37,100,1231,1286,2517
2005,Thueringen,Thueringen,0,0,0,0,0,0,0,0,0
2005,Thueringen,Insgesamt,16574,17917,34491,1575,988,2563,18149,18905,37054
2005,Insgesamt,Schleswig-Holstein,26767,28003,54770,2831,2317,5148,29598,30320,59918
2005,Insgesamt,Hamburg,25138,25570,50708,3816,3112,6928,28954,28682,57636
2005,Insgesamt,Niedersachsen,50435,51504,101939,5756,4438,10194,56191,55942,112133
2005,Insgesamt,Bremen,9483,9638,19121,1322,1143,2465,10805,10781,21586
2005,Insgesamt,Nordrhein-Westfalen,60600,63011,123611,12877,9434,22311,73477,72445,145922
2005,Insgesamt,Hessen,36315,38201,74516,8158,6426,14584,44473,44627,89100
2005,Insgesamt,Rheinland-Pfalz,29204,30347,59551,5152,4137,9289,34356,34484,68840
2005,Insgesamt,Baden-Wuerttemberg,51999,52069,104068,10562,8069,18631,62561,60138,122699
2005,Insgesamt,Bayern,55201,55060,110261,9676,7214,16890,64877,62274,127151
2005,Insgesamt,Saarland,4508,4442,8950,831,737,1568,5339,5179,10518
2005,Insgesamt,Berlin,32513,32689,65202,5034,4254,9288,37547,36943,74490
2005,Insgesamt,Brandenburg,26439,26634,53073,1629,1304,2933,28068,27938,56006
2005,Insgesamt,Mecklenburg-Vorpommern,11806,11531,23337,896,538,1434,12702,12069,24771
2005,Insgesamt,Sachsen,21668,20938,42606,1971,1377,3348,23639,22315,45954
2005,Insgesamt,Sachsen-Anhalt,13405,13166,26571,1361,804,2165,14766,13970,28736
2005,Insgesamt,Thueringen,11817,11543,23360,1000,694,1694,12817,12237,25054
2005,Insgesamt,Insgesamt,467298,474346,941644,72872,55998,128870,540170,530344,1070514
2006,Schleswig-Holstein,Schleswig-Holstein,0,0,0,0,0,0,0,0,0
2006,Schleswig-Holstein,Hamburg,8345,8412,16757,883,932,1815,9228,9344,18572
2006,Schleswig-Holstein,Niedersachsen,3712,3755,7467,361,230,591,4073,3985,8058
2006,Schleswig-Holstein,Bremen,380,416,796,73,40,113,453,456,909
2006,Schleswig-Holstein,Nordrhein-Westfalen,2326,2534,4860,395,266,661,2721,2800,5521
2006,Schleswig-Holstein,Hessen,855,806,1661,120,88,208,975,894,1869
2006,Schleswig-Holstein,Rheinland-Pfalz,435,478,913,50,42,92,485,520,1005
2006,Schleswig-Holstein,Baden-Wuerttemberg,1149,1201,2350,187,124,311,1336,1325,2661
2006,Schleswig-Holstein,Bayern,1349,1325,2674,221,179,400,1570,1504,3074
2006,Schleswig-Holstein,Saarland,56,61,117,15,8,23,71,69,140
2006,Schleswig-Holstein,Berlin,1099,1082,2181,109,132,241,1208,1214,2422
2006,Schleswig-Holstein,Brandenburg,508,492,1000,8,12,20,516,504,1020
2006,Schleswig-Holstein,Mecklenburg-Vorpommern,1853,1737,3590,51,36,87,1904,1773,3677
2006,Schleswig-Holstein,Sachsen,358,347,705,22,16,38,380,363,743
2006,Schleswig-Holstein,Sachsen-Anhalt,275,256,531,26,8,34,301,264,565
2006,Schleswig-Holstein,Thueringen,191,207,398,8,12,20,199,219,418
2006,Schleswig-Holstein,Insgesamt,22891,23109,46000,2529,2125,4654,25420,25234,50654
2006,Hamburg,Schleswig-Holstein,9160,9620,18780,1000,882,1882,10160,10502,20662
2006,Hamburg,Hamburg,0,0,0,0,0,0,0,0,0
2006,Hamburg,Niedersachsen,4929,5089,10018,511,407,918,5440,5496,10936
2006,Hamburg,Bremen,354,348,702,126,62,188,480,410,890
2006,Hamburg,Nordrhein-Westfalen,1772,1736,3508,402,281,683,2174,2017,4191
2006,Hamburg,Hessen,731,735,1466,166,135,301,897,870,1767
2006,Hamburg,Rheinland-Pfalz,286,262,548,43,47,90,329,309,638
2006,Hamburg,Baden-Wuerttemberg,867,906,1773,180,156,336,1047,1062,2109
2006,Hamburg,Bayern,1105,1041,2146,279,195,474,1384,1236,2620
2006,Hamburg,Saarland,45,49,94,14,7,21,59,56,115
2006,Hamburg,Berlin,1115,1165,2280,209,175,384,1324,1340,2664
2006,Hamburg,Brandenburg,313,271,584,11,16,27,324,287,611
2006,Hamburg,Mecklenburg-Vorpommern,962,871,1833,93,45,138,1055,916,1971
2006,Hamburg,Sachsen,259,229,488,40,36,76,299,265,564
2006,Hamburg,Sachsen-Anhalt,171,164,335,22,10,32,193,174,367
2006,Hamburg,Thueringen,127,106,233,12,7,19,139,113,252
2006,Hamburg,Insgesamt,22196,22592,44788,3108,2461,5569,25304,25053,50357
2006,Niedersachsen,Schleswig-Holstein,4085,4175,8260,370,296,666,4455,4471,8926
2006,Niedersachsen,Hamburg,5589,5737,11326,622,593,1215,6211,6330,12541
2006,Niedersachsen,Niedersachsen,0,0,0,0,0,0,0,0,0
2006,Niedersachsen,Bremen,6421,5999,12420,603,536,1139,7024,6535,13559
2006,Niedersachsen,Nordrhein-Westfalen,12847,13537,26384,2071,1703,3774,14918,15240,30158
2006,Niedersachsen,Hessen,3539,3814,7353,573,522,1095,4112,4336,8448
2006,Niedersachsen,Rheinland-Pfalz,1402,1471,2873,208,170,378,1610,1641,3251
2006,Niedersachsen,Baden-Wuerttemberg,4007,3807,7814,705,602,1307,4712,4409,9121
2006,Niedersachsen,Bayern,4326,4300,8626,711,647,1358,5037,4947,9984
2006,Niedersachsen,Saarland,193,201,394,41,28,69,234,229,463
2006,Niedersachsen,Berlin,2607,2664,5271,495,554,1049,3102,3218,6320
2006,Niedersachsen,Brandenburg,1265,1197,2462,88,79,167,1353,1276,2629
2006,Niedersachsen,Mecklenburg-Vorpommern,1553,1414,2967,68,51,119,1621,1465,3086
2006,Niedersachsen,Sachsen,1376,1311,2687,142,113,255,1518,1424,2942
2006,Niedersachsen,Sachsen-Anhalt,2634,2502,5136,165,98,263,2799,2600,5399
2006,Niedersachsen,Thueringen,1010,960,1970,92,75,167,1102,1035,2137
2006,Niedersachsen,Insgesamt,52854,53089,105943,6954,6067,13021,59808,59156,118964
2006,Bremen,Schleswig-Holstein,328,324,652,48,32,80,376,356,732
2006,Bremen,Hamburg,514,488,1002,116,118,234,630,606,1236
2006,Bremen,Niedersachsen,5531,5710,11241,545,442,987,6076,6152,12228
2006,Bremen,Bremen,0,0,0,0,0,0,0,0,0
2006,Bremen,Nordrhein-Westfalen,805,770,1575,207,171,378,1012,941,1953
2006,Bremen,Hessen,242,253,495,81,71,152,323,324,647
2006,Bremen,Rheinland-Pfalz,113,128,241,17,24,41,130,152,282
2006,Bremen,Baden-Wuerttemberg,357,324,681,104,81,185,461,405,866
2006,Bremen,Bayern,347,378,725,93,72,165,440,450,890
2006,Bremen,Saarland,19,17,36,4,5,9,23,22,45
2006,Bremen,Berlin,320,329,649,59,51,110,379,380,759
2006,Bremen,Brandenburg,83,96,179,3,7,10,86,103,189
2006,Bremen,Mecklenburg-Vorpommern,131,115,246,21,8,29,152,123,275
2006,Bremen,Sachsen,121,90,211,14,7,21,135,97,232
2006,Bremen,Sachsen-Anhalt,89,97,186,7,5,12,96,102,198
2006,Bremen,Thueringen,42,34,76,3,6,9,45,40,85
2006,Bremen,Insgesamt,9042,9153,18195,1322,1100,2422,10364,10253,20617
2006,Nordrhein-Westfalen,Schleswig-Holstein,2860,3045,5905,327,211,538,3187,3256,6443
2006,Nordrhein-Westfalen,Hamburg,2595,2695,5290,510,371,881,3105,3066,6171
2006,Nordrhein-Westfalen,Niedersachsen,12705,13465,26170,1564,1222,2786,14269,14687,28956
2006,Nordrhein-Westfalen,Bremen,825,812,1637,196,134,330,1021,946,1967
2006,Nordrhein-Westfalen,Nordrhein-Westfalen,0,0,0,0,0,0,0,0,0
2006,Nordrhein-Westfalen,Hessen,6861,7251,14112,1683,1276,2959,8544,8527,17071
2006,Nordrhein-Westfalen,Rheinland-Pfalz,7227,7789,15016,1077,770,1847,8304,8559,16863
2006,Nordrhein-Westfalen,Baden-Wuerttemberg,7520,7535,15055,1763,1370,3133,9283,8905,18188
2006,Nordrhein-Westfalen,Bayern,8687,8478,17165,1848,1329,3177,10535,9807,20342
2006,Nordrhein-Westfalen,Saarland,604,553,1157,136,121,257,740,674,1414
2006,Nordrhein-Westfalen,Berlin,4298,4171,8469,787,659,1446,5085,4830,9915
2006,Nordrhein-Westfalen,Brandenburg,1408,1318,2726,121,83,204,1529,1401,2930
2006,Nordrhein-Westfalen,Mecklenburg-Vorpommern,996,963,1959,99,42,141,1095,1005,2100
2006,Nordrhein-Westfalen,Sachsen,1898,1804,3702,235,164,399,2133,1968,4101
2006,Nordrhein-Westfalen,Sachsen-Anhalt,1130,1112,2242,181,84,265,1311,1196,2507
2006,Nordrhein-Westfalen,Thueringen,935,862,1797,134,64,198,1069,926,1995
2006,Nordrhein-Westfalen,Insgesamt,60549,61853,122402,10661,7900,18561,71210,69753,140963
2006,Hessen,Schleswig-Holstein,980,1025,2005,88,73,161,1068,1098,2166
2006,Hessen,Hamburg,939,931,1870,202,150,352,1141,1081,2222
2006,Hessen,Niedersachsen,3231,3418,6649,402,295,697,3633,3713,7346
2006,Hessen,Bremen,245,261,506,50,41,91,295,302,597
2006,Hessen,Nordrhein-Westfalen,6350,6851,13201,1502,1235,2737,7852,8086,15938
2006,Hessen,Hessen,0,0,0,0,0,0,0,0,0
2006,Hessen,Rheinland-Pfalz,6045,6371,12416,1094,948,2042,7139,7319,14458
2006,Hessen,Baden-Wuerttemberg,6010,6066,12076,1433,1130,2563,7443,7196,14639
2006,Hessen,Bayern,6400,6295,12695,1207,943,2150,7607,7238,14845
2006,Hessen,Saarland,306,306,612,79,63,142,385,369,754
2006,Hessen,Berlin,1841,1753,3594,352,282,634,2193,2035,4228
2006,Hessen,Brandenburg,586,536,1122,46,39,85,632,575,1207
2006,Hessen,Mecklenburg-Vorpommern,357,366,723,48,16,64,405,382,787
2006,Hessen,Sachsen,1156,1081,2237,134,107,241,1290,1188,2478
2006,Hessen,Sachsen-Anhalt,463,505,968,55,41,96,518,546,1064
2006,Hessen,Thueringen,1331,1379,2710,102,56,158,1433,1435,2868
2006,Hessen,Insgesamt,36240,37144,73384,6794,5419,12213,43034,42563,85597
2006,Rheinland-Pfalz,Schleswig-Holstein,467,520,987,42,34,76,509,554,1063
2006,Rheinland-Pfalz,Hamburg,377,346,723,55,46,101,432,392,824
2006,Rheinland-Pfalz,Niedersachsen,1137,1204,2341,129,130,259,1266,1334,2600
2006,Rheinland-Pfalz,Bremen,108,110,218,20,19,39,128,129,257
2006,Rheinland-Pfalz,Nordrhein-Westfalen,6841,7204,14045,1105,887,1992,7946,8091,16037
2006,Rheinland-Pfalz,Hessen,5321,5587,10908,1219,1100,2319,6540,6687,13227
2006,Rheinland-Pfalz,Rheinland-Pfalz,0,0,0,0,0,0,0,0,0
2006,Rheinland-Pfalz,Baden-Wuerttemberg,5213,5391,10604,1158,958,2116,6371,6349,12720
2006,Rheinland-Pfalz,Bayern,2695,2599,5294,454,342,796,3149,2941,6090
2006,Rheinland-Pfalz,Saarland,1592,1667,3259,176,160,336,1768,1827,3595
2006,Rheinland-Pfalz,Berlin,744,738,1482,112,94,206,856,832,1688
2006,Rheinland-Pfalz,Brandenburg,324,259,583,25,22,47,349,281,630
2006,Rheinland-Pfalz,Mecklenburg-Vorpommern,184,174,358,17,7,24,201,181,382
2006,Rheinland-Pfalz,Sachsen,537,479,1016,44,46,90,581,525,1106
2006,Rheinland-Pfalz,Sachsen-Anhalt,279,245,524,47,13,60,326,258,584
2006,Rheinland-Pfalz,Thueringen,348,266,614,24,12,36,372,278,650
2006,Rheinland-Pfalz,Insgesamt,26167,26789,52956,4627,3870,8497,30794,30659,61453
2006,Baden-Wuerttemberg,Schleswig-Holstein,1191,1227,2418,204,153,357,1395,1380,2775
2006,Baden-Wuerttemberg,Hamburg,1225,1198,2423,245,191,436,1470,1389,2859
2006,Baden-Wuerttemberg,Niedersachsen,2894,2926,5820,461,411,872,3355,3337,6692
2006,Baden-Wuerttemberg,Bremen,304,277,581,104,70,174,408,347,755
2006,Baden-Wuerttemberg,Nordrhein-Westfalen,6378,6475,12853,1855,1441,3296,8233,7916,16149
2006,Baden-Wuerttemberg,Hessen,5687,6018,11705,1521,1240,2761,7208,7258,14466
2006,Baden-Wuerttemberg,Rheinland-Pfalz,5467,5583,11050,1316,1064,2380,6783,6647,13430
2006,Baden-Wuerttemberg,Baden-Wuerttemberg,0,0,0,0,0,0,0,0,0
2006,Baden-Wuerttemberg,Bayern,15792,15800,31592,2783,2151,4934,18575,17951,36526
2006,Baden-Wuerttemberg,Saarland,639,671,1310,136,121,257,775,792,1567
2006,Baden-Wuerttemberg,Berlin,2697,2461,5158,440,403,843,3137,2864,6001
2006,Baden-Wuerttemberg,Brandenburg,877,841,1718,51,21,72,928,862,1790
2006,Baden-Wuerttemberg,Mecklenburg-Vorpommern,519,490,1009,41,39,80,560,529,1089
2006,Baden-Wuerttemberg,Sachsen,2379,2086,4465,196,141,337,2575,2227,4802
2006,Baden-Wuerttemberg,Sachsen-Anhalt,829,733,1562,85,60,145,914,793,1707
2006,Baden-Wuerttemberg,Thueringen,1060,970,2030,110,78,188,1170,1048,2218
2006,Baden-Wuerttemberg,Insgesamt,47938,47756,95694,9548,7584,17132,57486,55340,112826
2006,Bayern,Schleswig-Holstein,1181,1221,2402,310,234,544,1491,1455,2946
2006,Bayern,Hamburg,1164,1174,2338,298,206,504,1462,1380,2842
2006,Bayern,Niedersachsen,2824,2814,5638,536,377,913,3360,3191,6551
2006,Bayern,Bremen,287,252,539,76,52,128,363,304,667
2006,Bayern,Nordrhein-Westfalen,6082,6022,12104,1954,1395,3349,8036,7417,15453
2006,Bayern,Hessen,5111,5010,10121,1379,1047,2426,6490,6057,12547
2006,Bayern,Rheinland-Pfalz,2014,2047,4061,474,364,838,2488,2411,4899
2006,Bayern,Baden-Wuerttemberg,12400,12984,25384,2522,1955,4477,14922,14939,29861
2006,Bayern,Bayern,0,0,0,0,0,0,0,0,0
2006,Bayern,Saarland,368,348,716,75,64,139,443,412,855
2006,Bayern,Berlin,2961,2708,5669,543,471,1014,3504,3179,6683
2006,Bayern,Brandenburg,1179,1023,2202,71,61,132,1250,1084,2334
2006,Bayern,Mecklenburg-Vorpommern,526,476,1002,41,24,65,567,500,1067
2006,Bayern,Sachsen,3389,3161,6550,276,210,486,3665,3371,7036
2006,Bayern,Sachsen-Anhalt,1056,914,1970,105,65,170,1161,979,2140
2006,Bayern,Thueringen,2015,1944,3959,144,98,242,2159,2042,4201
2006,Bayern,Insgesamt,42557,42098,84655,8804,6623,15427,51361,48721,100082
2006,Saarland,Schleswig-Holstein,73,71,144,10,8,18,83,79,162
2006,Saarland,Hamburg,62,63,125,18,8,26,80,71,151
2006,Saarland,Niedersachsen,165,179,344,27,17,44,192,196,388
2006,Saarland,Bremen,19,22,41,21,14,35,40,36,76
2006,Saarland,Nordrhein-Westfalen,639,671,1310,188,139,327,827,810,1637
2006,Saarland,Hessen,396,468,864,77,78,155,473,546,1019
2006,Saarland,Rheinland-Pfalz,2017,2263,4280,159,160,319,2176,2423,4599
2006,Saarland,Baden-Wuerttemberg,794,823,1617,234,201,435,1028,1024,2052
2006,Saarland,Bayern,555,526,1081,117,101,218,672,627,1299
2006,Saarland,Saarland,0,0,0,0,0,0,0,0,0
2006,Saarland,Berlin,143,169,312,40,51,91,183,220,403
2006,Saarland,Brandenburg,64,46,110,3,3,6,67,49,116
2006,Saarland,Mecklenburg-Vorpommern,29,35,64,5,4,9,34,39,73
2006,Saarland,Sachsen,75,84,159,76,53,129,151,137,288
2006,Saarland,Sachsen-Anhalt,38,24,62,27,14,41,65,38,103
2006,Saarland,Thueringen,64,48,112,6,4,10,70,52,122
2006,Saarland,Insgesamt,5133,5492,10625,1008,855,1863,6141,6347,12488
2006,Berlin,Schleswig-Holstein,1155,1146,2301,109,103,212,1264,1249,2513
2006,Berlin,Hamburg,1253,1302,2555,235,176,411,1488,1478,2966
2006,Berlin,Niedersachsen,2339,2346,4685,310,273,583,2649,2619,5268
2006,Berlin,Bremen,282,292,574,39,40,79,321,332,653
2006,Berlin,Nordrhein-Westfalen,3231,3238,6469,707,570,1277,3938,3808,7746
2006,Berlin,Hessen,1504,1547,3051,296,264,560,1800,1811,3611
2006,Berlin,Rheinland-Pfalz,629,679,1308,124,100,224,753,779,1532
2006,Berlin,Baden-Wuerttemberg,2503,2317,4820,519,400,919,3022,2717,5739
2006,Berlin,Bayern,3127,3038,6165,583,533,1116,3710,3571,7281
2006,Berlin,Saarland,133,127,260,34,20,54,167,147,314
2006,Berlin,Berlin,0,0,0,0,0,0,0,0,0
2006,Berlin,Brandenburg,13967,14329,28296,768,700,1468,14735,15029,29764
2006,Berlin,Mecklenburg-Vorpommern,1181,1299,2480,208,115,323,1389,1414,2803
2006,Berlin,Sachsen,1239,1280,2519,197,151,348,1436,1431,2867
2006,Berlin,Sachsen-Anhalt,698,694,1392,129,73,202,827,767,1594
2006,Berlin,Thueringen,459,461,920,58,46,104,517,507,1024
2006,Berlin,Insgesamt,33700,34095,67795,4316,3564,7880,38016,37659,75675
2006,Brandenburg,Schleswig-Holstein,802,789,1591,29,18,47,831,807,1638
2006,Brandenburg,Hamburg,623,673,1296,53,32,85,676,705,1381
2006,Brandenburg,Niedersachsen,1712,1733,3445,111,99,210,1823,1832,3655
2006,Brandenburg,Bremen,154,155,309,7,6,13,161,161,322
2006,Brandenburg,Nordrhein-Westfalen,1803,1963,3766,202,178,380,2005,2141,4146
2006,Brandenburg,Hessen,839,885,1724,74,56,130,913,941,1854
2006,Brandenburg,Rheinland-Pfalz,481,448,929,44,30,74,525,478,1003
2006,Brandenburg,Baden-Wuerttemberg,1571,1510,3081,142,82,224,1713,1592,3305
2006,Brandenburg,Bayern,1963,1781,3744,126,130,256,2089,1911,4000
2006,Brandenburg,Saarland,73,75,148,9,7,16,82,82,164
2006,Brandenburg,Berlin,10239,10662,20901,1127,1006,2133,11366,11668,23034
2006,Brandenburg,Brandenburg,0,0,0,0,0,0,0,0,0
2006,Brandenburg,Mecklenburg-Vorpommern,1389,1576,2965,57,44,101,1446,1620,3066
2006,Brandenburg,Sachsen,2355,2416,4771,96,63,159,2451,2479,4930
2006,Brandenburg,Sachsen-Anhalt,975,1003,1978,51,30,81,1026,1033,2059
2006,Brandenburg,Thueringen,425,440,865,17,5,22,442,445,887
2006,Brandenburg,Insgesamt,25404,26109,51513,2145,1786,3931,27549,27895,55444
2006,Mecklenburg-Vorpommern,Schleswig-Holstein,2791,2809,5600,136,87,223,2927,2896,5823
2006,Mecklenburg-Vorpommern,Hamburg,2172,2243,4415,228,175,403,2400,2418,4818
2006,Mecklenburg-Vorpommern,Niedersachsen,2042,2001,4043,125,103,228,2167,2104,4271
2006,Mecklenburg-Vorpommern,Bremen,239,246,485,26,21,47,265,267,532
2006,Mecklenburg-Vorpommern,Nordrhein-Westfalen,1311,1358,2669,215,116,331,1526,1474,3000
2006,Mecklenburg-Vorpommern,Hessen,502,484,986,55,23,78,557,507,1064
2006,Mecklenburg-Vorpommern,Rheinland-Pfalz,245,257,502,46,25,71,291,282,573
2006,Mecklenburg-Vorpommern,Baden-Wuerttemberg,851,739,1590,83,67,150,934,806,1740
2006,Mecklenburg-Vorpommern,Bayern,831,793,1624,98,71,169,929,864,1793
2006,Mecklenburg-Vorpommern,Saarland,33,39,72,7,4,11,40,43,83
2006,Mecklenburg-Vorpommern,Berlin,1754,1954,3708,264,207,471,2018,2161,4179
2006,Mecklenburg-Vorpommern,Brandenburg,1204,1190,2394,48,33,81,1252,1223,2475
2006,Mecklenburg-Vorpommern,Mecklenburg-Vorpommern,0,0,0,0,0,0,0,0,0
2006,Mecklenburg-Vorpommern,Sachsen,699,716,1415,49,27,76,748,743,1491
2006,Mecklenburg-Vorpommern,Sachsen-Anhalt,408,429,837,25,18,43,433,447,880
2006,Mecklenburg-Vorpommern,Thueringen,270,248,518,14,11,25,284,259,543
2006,Mecklenburg-Vorpommern,Insgesamt,15352,15506,30858,1419,988,2407,16771,16494,33265
2006,Sachsen,Schleswig-Holstein,484,474,958,42,37,79,526,511,1037
2006,Sachsen,Hamburg,475,455,930,88,56,144,563,511,1074
2006,Sachsen,Niedersachsen,1397,1509,2906,193,138,331,1590,1647,3237
2006,Sachsen,Bremen,110,143,253,29,10,39,139,153,292
2006,Sachsen,Nordrhein-Westfalen,2293,2568,4861,468,261,729,2761,2829,5590
2006,Sachsen,Hessen,1542,1700,3242,280,171,451,1822,1871,3693
2006,Sachsen,Rheinland-Pfalz,736,861,1597,107,81,188,843,942,1785
2006,Sachsen,Baden-Wuerttemberg,3571,3507,7078,399,261,660,3970,3768,7738
2006,Sachsen,Bayern,5876,6021,11897,522,375,897,6398,6396,12794
2006,Sachsen,Saarland,91,123,214,20,17,37,111,140,251
2006,Sachsen,Berlin,1714,2100,3814,331,294,625,2045,2394,4439
2006,Sachsen,Brandenburg,1553,1711,3264,121,52,173,1674,1763,3437
2006,Sachsen,Mecklenburg-Vorpommern,557,695,1252,53,29,82,610,724,1334
2006,Sachsen,Sachsen,0,0,0,0,0,0,0,0,0
2006,Sachsen,Sachsen-Anhalt,1728,1979,3707,183,120,303,1911,2099,4010
2006,Sachsen,Thueringen,1799,1933,3732,128,84,212,1927,2017,3944
2006,Sachsen,Insgesamt,23926,25779,49705,2964,1986,4950,26890,27765,54655
2006,Sachsen-Anhalt,Schleswig-Holstein,465,530,995,62,51,113,527,581,1108
2006,Sachsen-Anhalt,Hamburg,403,448,851,59,37,96,462,485,947
2006,Sachsen-Anhalt,Niedersachsen,3779,4059,7838,269,180,449,4048,4239,8287
2006,Sachsen-Anhalt,Bremen,142,154,296,20,14,34,162,168,330
2006,Sachsen-Anhalt,Nordrhein-Westfalen,1829,1920,3749,480,303,783,2309,2223,4532
2006,Sachsen-Anhalt,Hessen,979,1067,2046,156,101,257,1135,1168,2303
2006,Sachsen-Anhalt,Rheinland-Pfalz,445,502,947,85,36,121,530,538,1068
2006,Sachsen-Anhalt,Baden-Wuerttemberg,1649,1575,3224,181,149,330,1830,1724,3554
2006,Sachsen-Anhalt,Bayern,2075,2048,4123,270,176,446,2345,2224,4569
2006,Sachsen-Anhalt,Saarland,75,77,152,15,14,29,90,91,181
2006,Sachsen-Anhalt,Berlin,1219,1471,2690,232,176,408,1451,1647,3098
2006,Sachsen-Anhalt,Brandenburg,1014,1145,2159,66,41,107,1080,1186,2266
2006,Sachsen-Anhalt,Mecklenburg-Vorpommern,532,611,1143,23,16,39,555,627,1182
2006,Sachsen-Anhalt,Sachsen,2754,2916,5670,241,144,385,2995,3060,6055
2006,Sachsen-Anhalt,Sachsen-Anhalt,0,0,0,0,0,0,0,0,0
2006,Sachsen-Anhalt,Thueringen,1226,1383,2609,85,52,137,1311,1435,2746
2006,Sachsen-Anhalt,Insgesamt,18586,19906,38492,2244,1490,3734,20830,21396,42226
2006,Thueringen,Schleswig-Holstein,293,305,598,18,14,32,311,319,630
2006,Thueringen,Hamburg,281,270,551,45,31,76,326,301,627
2006,Thueringen,Niedersachsen,1253,1381,2634,100,82,182,1353,1463,2816
2006,Thueringen,Bremen,80,71,151,20,11,31,100,82,182
2006,Thueringen,Nordrhein-Westfalen,1476,1658,3134,319,189,508,1795,1847,3642
2006,Thueringen,Hessen,2063,2361,4424,200,152,352,2263,2513,4776
2006,Thueringen,Rheinland-Pfalz,540,609,1149,56,49,105,596,658,1254
2006,Thueringen,Baden-Wuerttemberg,1975,1896,3871,192,143,335,2167,2039,4206
2006,Thueringen,Bayern,3796,3929,7725,230,173,403,4026,4102,8128
2006,Thueringen,Saarland,82,78,160,15,8,23,97,86,183
2006,Thueringen,Berlin,790,846,1636,82,79,161,872,925,1797
2006,Thueringen,Brandenburg,445,498,943,38,20,58,483,518,1001
2006,Thueringen,Mecklenburg-Vorpommern,292,330,622,10,5,15,302,335,637
2006,Thueringen,Sachsen,2657,2842,5499,128,109,237,2785,2951,5736
2006,Thueringen,Sachsen-Anhalt,1049,1106,2155,64,36,100,1113,1142,2255
2006,Thueringen,Thueringen,0,0,0,0,0,0,0,0,0
2006,Thueringen,Insgesamt,17072,18180,35252,1517,1101,2618,18589,19281,37870
2006,Insgesamt,Schleswig-Holstein,26315,27281,53596,2795,2233,5028,29110,29514,58624
2006,Insgesamt,Hamburg,26017,26435,52452,3657,3122,6779,29674,29557,59231
2006,Insgesamt,Niedersachsen,49650,51589,101239,5644,4406,10050,55294,55995,111289
2006,Insgesamt,Bremen,9950,9558,19508,1410,1070,2480,11360,10628,21988
2006,Insgesamt,Nordrhein-Westfalen,55983,58505,114488,12070,9135,21205,68053,67640,135693
2006,Insgesamt,Hessen,36172,37986,74158,7880,6324,14204,44052,44310,88362
2006,Insgesamt,Rheinland-Pfalz,28082,29748,57830,4900,3910,8810,32982,33658,66640
2006,Insgesamt,Baden-Wuerttemberg,50437,50581,101018,9802,7679,17481,60239,58260,118499
2006,Insgesamt,Bayern,58924,58352,117276,9542,7417,16959,68466,65769,134235
2006,Insgesamt,Saarland,4309,4392,8701,776,647,1423,5085,5039,10124
2006,Insgesamt,Berlin,33541,34273,67814,5182,4634,9816,38723,38907,77630
2006,Insgesamt,Brandenburg,24790,24952,49742,1468,1189,2657,26258,26141,52399
2006,Insgesamt,Mecklenburg-Vorpommern,11061,11152,22213,835,481,1316,11896,11633,23529
2006,Insgesamt,Sachsen,21252,20842,42094,1890,1387,3277,23142,22229,45371
2006,Insgesamt,Sachsen-Anhalt,11822,11763,23585,1172,675,1847,12994,12438,25432
2006,Insgesamt,Thueringen,11302,11241,22543,937,610,1547,12239,11851,24090
2006,Insgesamt,Insgesamt,459607,468650,928257,69960,54919,124879,529567,523569,1053136
2007,Schleswig-Holstein,Schleswig-Holstein,0,0,0,0,0,0,0,0,0
2007,Schleswig-Holstein,Hamburg,7943,8069,16012,957,907,1864,8900,8976,17876
2007,Schleswig-Holstein,Niedersachsen,3706,3774,7480,290,226,516,3996,4000,7996
2007,Schleswig-Holstein,Bremen,402,431,833,32,30,62,434,461,895
2007,Schleswig-Holstein,Nordrhein-Westfalen,2364,2523,4887,356,250,606,2720,2773,5493
2007,Schleswig-Holstein,Hessen,846,948,1794,143,106,249,989,1054,2043
2007,Schleswig-Holstein,Rheinland-Pfalz,468,458,926,39,41,80,507,499,1006
2007,Schleswig-Holstein,Baden-Wuerttemberg,1251,1231,2482,123,129,252,1374,1360,2734
2007,Schleswig-Holstein,Bayern,1415,1278,2693,248,163,411,1663,1441,3104
2007,Schleswig-Holstein,Saarland,74,62,136,11,7,18,85,69,154
2007,Schleswig-Holstein,Berlin,1152,1094,2246,124,98,222,1276,1192,2468
2007,Schleswig-Holstein,Brandenburg,532,512,1044,14,15,29,546,527,1073
2007,Schleswig-Holstein,Mecklenburg-Vorpommern,1879,1871,3750,59,36,95,1938,1907,3845
2007,Schleswig-Holstein,Sachsen,422,395,817,29,24,53,451,419,870
2007,Schleswig-Holstein,Sachsen-Anhalt,310,304,614,24,18,42,334,322,656
2007,Schleswig-Holstein,Thueringen,182,181,363,10,8,18,192,189,381
2007,Schleswig-Holstein,Insgesamt,22946,23131,46077,2459,2058,4517,25405,25189,50594
2007,Hamburg,Schleswig-Holstein,9155,9562,18717,1051,912,1963,10206,10474,20680
2007,Hamburg,Hamburg,0,0,0,0,0,0,0,0,0
2007,Hamburg,Niedersachsen,4959,5201,10160,522,412,934,5481,5613,11094
2007,Hamburg,Bremen,319,343,662,76,67,143,395,410,805
2007,Hamburg,Nordrhein-Westfalen,1745,1813,3558,406,300,706,2151,2113,4264
2007,Hamburg,Hessen,780,770,1550,205,116,321,985,886,1871
2007,Hamburg,Rheinland-Pfalz,247,254,501,61,38,99,308,292,600
2007,Hamburg,Baden-Wuerttemberg,905,893,1798,130,154,284,1035,1047,2082
2007,Hamburg,Bayern,1186,1108,2294,271,199,470,1457,1307,2764
2007,Hamburg,Saarland,39,39,78,7,5,12,46,44,90
2007,Hamburg,Berlin,1239,1231,2470,207,193,400,1446,1424,2870
2007,Hamburg,Brandenburg,314,322,636,17,15,32,331,337,668
2007,Hamburg,Mecklenburg-Vorpommern,1028,939,1967,67,48,115,1095,987,2082
2007,Hamburg,Sachsen,254,248,502,36,24,60,290,272,562
2007,Hamburg,Sachsen-Anhalt,183,147,330,40,19,59,223,166,389
2007,Hamburg,Thueringen,117,123,240,14,10,24,131,133,264
2007,Hamburg,Insgesamt,22470,22993,45463,3110,2512,5622,25580,25505,51085
2007,Niedersachsen,Schleswig-Holstein,4236,4569,8805,344,276,620,4580,4845,9425
2007,Niedersachsen,Hamburg,5695,5824,11519,647,560,1207,6342,6384,12726
2007,Niedersachsen,Niedersachsen,0,0,0,0,0,0,0,0,0
2007,Niedersachsen,Bremen,5632,5830,11462,577,512,1089,6209,6342,12551
2007,Niedersachsen,Nordrhein-Westfalen,12962,14084,27046,2165,1813,3978,15127,15897,31024
2007,Niedersachsen,Hessen,3712,3870,7582,604,521,1125,4316,4391,8707
2007,Niedersachsen,Rheinland-Pfalz,1339,1434,2773,208,180,388,1547,1614,3161
2007,Niedersachsen,Baden-Wuerttemberg,3848,3879,7727,703,608,1311,4551,4487,9038
2007,Niedersachsen,Bayern,4272,4136,8408,770,670,1440,5042,4806,9848
2007,Niedersachsen,Saarland,226,275,501,56,54,110,282,329,611
2007,Niedersachsen,Berlin,2803,2860,5663,492,482,974,3295,3342,6637
2007,Niedersachsen,Brandenburg,1225,1238,2463,86,45,131,1311,1283,2594
2007,Niedersachsen,Mecklenburg-Vorpommern,1396,1379,2775,55,49,104,1451,1428,2879
2007,Niedersachsen,Sachsen,1363,1303,2666,112,107,219,1475,1410,2885
2007,Niedersachsen,Sachsen-Anhalt,2610,2631,5241,142,108,250,2752,2739,5491
2007,Niedersachsen,Thueringen,932,958,1890,65,58,123,997,1016,2013
2007,Niedersachsen,Insgesamt,52251,54270,106521,7026,6043,13069,59277,60313,119590
2007,Bremen,Schleswig-Holstein,362,362,724,61,54,115,423,416,839
2007,Bremen,Hamburg,553,598,1151,142,118,260,695,716,1411
2007,Bremen,Niedersachsen,5747,5837,11584,520,466,986,6267,6303,12570
2007,Bremen,Bremen,0,0,0,0,0,0,0,0,0
2007,Bremen,Nordrhein-Westfalen,794,847,1641,226,177,403,1020,1024,2044
2007,Bremen,Hessen,285,256,541,53,38,91,338,294,632
2007,Bremen,Rheinland-Pfalz,143,106,249,21,16,37,164,122,286
2007,Bremen,Baden-Wuerttemberg,387,345,732,96,104,200,483,449,932
2007,Bremen,Bayern,382,329,711,111,103,214,493,432,925
2007,Bremen,Saarland,18,25,43,4,1,5,22,26,48
2007,Bremen,Berlin,354,384,738,41,55,96,395,439,834
2007,Bremen,Brandenburg,65,79,144,5,5,10,70,84,154
2007,Bremen,Mecklenburg-Vorpommern,148,120,268,27,9,36,175,129,304
2007,Bremen,Sachsen,79,100,179,19,20,39,98,120,218
2007,Bremen,Sachsen-Anhalt,67,75,142,13,4,17,80,79,159
2007,Bremen,Thueringen,54,56,110,9,7,16,63,63,126
2007,Bremen,Insgesamt,9438,9519,18957,1348,1177,2525,10786,10696,21482
2007,Nordrhein-Westfalen,Schleswig-Holstein,3049,3295,6344,288,199,487,3337,3494,6831
2007,Nordrhein-Westfalen,Hamburg,2908,3035,5943,497,403,900,3405,3438,6843
2007,Nordrhein-Westfalen,Niedersachsen,13156,14073,27229,1590,1298,2888,14746,15371,30117
2007,Nordrhein-Westfalen,Bremen,889,915,1804,175,162,337,1064,1077,2141
2007,Nordrhein-Westfalen,Nordrhein-Westfalen,0,0,0,0,0,0,0,0,0
2007,Nordrhein-Westfalen,Hessen,7455,7620,15075,1699,1392,3091,9154,9012,18166
2007,Nordrhein-Westfalen,Rheinland-Pfalz,7008,7497,14505,1083,812,1895,8091,8309,16400
2007,Nordrhein-Westfalen,Baden-Wuerttemberg,8097,7980,16077,1857,1484,3341,9954,9464,19418
2007,Nordrhein-Westfalen,Bayern,9120,8585,17705,1982,1327,3309,11102,9912,21014
2007,Nordrhein-Westfalen,Saarland,633,579,1212,124,99,223,757,678,1435
2007,Nordrhein-Westfalen,Berlin,4569,4484,9053,788,700,1488,5357,5184,10541
2007,Nordrhein-Westfalen,Brandenburg,1501,1478,2979,165,84,249,1666,1562,3228
2007,Nordrhein-Westfalen,Mecklenburg-Vorpommern,986,920,1906,89,55,144,1075,975,2050
2007,Nordrhein-Westfalen,Sachsen,1952,1878,3830,263,202,465,2215,2080,4295
2007,Nordrhein-Westfalen,Sachsen-Anhalt,1198,1167,2365,157,83,240,1355,1250,2605
2007,Nordrhein-Westfalen,Thueringen,958,964,1922,121,80,201,1079,1044,2123
2007,Nordrhein-Westfalen,Insgesamt,63479,64470,127949,10878,8380,19258,74357,72850,147207
2007,Hessen,Schleswig-Holstein,1017,1186,2203,99,79,178,1116,1265,2381
2007,Hessen,Hamburg,1044,1100,2144,195,143,338,1239,1243,2482
2007,Hessen,Niedersachsen,3271,3543,6814,359,341,700,3630,3884,7514
2007,Hessen,Bremen,277,263,540,37,45,82,314,308,622
2007,Hessen,Nordrhein-Westfalen,6706,7153,13859,1565,1275,2840,8271,8428,16699
2007,Hessen,Hessen,0,0,0,0,0,0,0,0,0
2007,Hessen,Rheinland-Pfalz,5807,6121,11928,1097,1024,2121,6904,7145,14049
2007,Hessen,Baden-Wuerttemberg,6265,6387,12652,1546,1178,2724,7811,7565,15376
2007,Hessen,Bayern,6575,6711,13286,1321,1062,2383,7896,7773,15669
2007,Hessen,Saarland,343,364,707,79,71,150,422,435,857
2007,Hessen,Berlin,1902,1858,3760,355,331,686,2257,2189,4446
2007,Hessen,Brandenburg,522,515,1037,37,35,72,559,550,1109
2007,Hessen,Mecklenburg-Vorpommern,368,353,721,29,15,44,397,368,765
2007,Hessen,Sachsen,1088,1118,2206,139,93,232,1227,1211,2438
2007,Hessen,Sachsen-Anhalt,555,536,1091,45,44,89,600,580,1180
2007,Hessen,Thueringen,1360,1450,2810,92,67,159,1452,1517,2969
2007,Hessen,Insgesamt,37100,38658,75758,6995,5803,12798,44095,44461,88556
2007,Rheinland-Pfalz,Schleswig-Holstein,493,508,1001,64,45,109,557,553,1110
2007,Rheinland-Pfalz,Hamburg,423,430,853,79,47,126,502,477,979
2007,Rheinland-Pfalz,Niedersachsen,1249,1294,2543,148,122,270,1397,1416,2813
2007,Rheinland-Pfalz,Bremen,133,108,241,22,24,46,155,132,287
2007,Rheinland-Pfalz,Nordrhein-Westfalen,7008,7409,14417,1212,971,2183,8220,8380,16600
2007,Rheinland-Pfalz,Hessen,5631,5829,11460,1295,1059,2354,6926,6888,13814
2007,Rheinland-Pfalz,Rheinland-Pfalz,0,0,0,0,0,0,0,0,0
2007,Rheinland-Pfalz,Baden-Wuerttemberg,5793,5692,11485,1200,1044,2244,6993,6736,13729
2007,Rheinland-Pfalz,Bayern,2718,2576,5294,485,355,840,3203,2931,6134
2007,Rheinland-Pfalz,Saarland,1619,1813,3432,200,202,402,1819,2015,3834
2007,Rheinland-Pfalz,Berlin,870,839,1709,110,131,241,980,970,1950
2007,Rheinland-Pfalz,Brandenburg,313,307,620,24,11,35,337,318,655
2007,Rheinland-Pfalz,Mecklenburg-Vorpommern,220,210,430,8,15,23,228,225,453
2007,Rheinland-Pfalz,Sachsen,520,572,1092,39,28,67,559,600,1159
2007,Rheinland-Pfalz,Sachsen-Anhalt,264,233,497,34,14,48,298,247,545
2007,Rheinland-Pfalz,Thueringen,319,327,646,21,13,34,340,340,680
2007,Rheinland-Pfalz,Insgesamt,27573,28147,55720,4941,4081,9022,32514,32228,64742
2007,Baden-Wuerttemberg,Schleswig-Holstein,1125,1223,2348,167,152,319,1292,1375,2667
2007,Baden-Wuerttemberg,Hamburg,1332,1401,2733,202,189,391,1534,1590,3124
2007,Baden-Wuerttemberg,Niedersachsen,2882,3006,5888,480,394,874,3362,3400,6762
2007,Baden-Wuerttemberg,Bremen,331,277,608,67,58,125,398,335,733
2007,Baden-Wuerttemberg,Nordrhein-Westfalen,6470,6663,13133,1783,1466,3249,8253,8129,16382
2007,Baden-Wuerttemberg,Hessen,6118,6317,12435,1519,1306,2825,7637,7623,15260
2007,Baden-Wuerttemberg,Rheinland-Pfalz,5322,5343,10665,1295,1128,2423,6617,6471,13088
2007,Baden-Wuerttemberg,Baden-Wuerttemberg,0,0,0,0,0,0,0,0,0
2007,Baden-Wuerttemberg,Bayern,15549,15912,31461,2695,2083,4778,18244,17995,36239
2007,Baden-Wuerttemberg,Saarland,608,610,1218,103,104,207,711,714,1425
2007,Baden-Wuerttemberg,Berlin,2790,2685,5475,512,454,966,3302,3139,6441
2007,Baden-Wuerttemberg,Brandenburg,1033,940,1973,55,51,106,1088,991,2079
2007,Baden-Wuerttemberg,Mecklenburg-Vorpommern,542,537,1079,28,31,59,570,568,1138
2007,Baden-Wuerttemberg,Sachsen,2247,2093,4340,188,123,311,2435,2216,4651
2007,Baden-Wuerttemberg,Sachsen-Anhalt,852,754,1606,107,64,171,959,818,1777
2007,Baden-Wuerttemberg,Thueringen,1056,949,2005,76,53,129,1132,1002,2134
2007,Baden-Wuerttemberg,Insgesamt,48257,48710,96967,9277,7656,16933,57534,56366,113900
2007,Bayern,Schleswig-Holstein,1172,1254,2426,345,252,597,1517,1506,3023
2007,Bayern,Hamburg,1273,1264,2537,248,186,434,1521,1450,2971
2007,Bayern,Niedersachsen,3037,2884,5921,532,388,920,3569,3272,6841
2007,Bayern,Bremen,340,287,627,68,51,119,408,338,746
2007,Bayern,Nordrhein-Westfalen,6195,6045,12240,1947,1378,3325,8142,7423,15565
2007,Bayern,Hessen,5330,5380,10710,1247,1052,2299,6577,6432,13009
2007,Bayern,Rheinland-Pfalz,2007,2067,4074,384,308,692,2391,2375,4766
2007,Bayern,Baden-Wuerttemberg,13168,13273,26441,2485,1988,4473,15653,15261,30914
2007,Bayern,Bayern,0,0,0,0,0,0,0,0,0
2007,Bayern,Saarland,369,346,715,69,48,117,438,394,832
2007,Bayern,Berlin,3239,3024,6263,590,538,1128,3829,3562,7391
2007,Bayern,Brandenburg,1146,983,2129,78,41,119,1224,1024,2248
2007,Bayern,Mecklenburg-Vorpommern,558,511,1069,47,30,77,605,541,1146
2007,Bayern,Sachsen,3448,3105,6553,239,181,420,3687,3286,6973
2007,Bayern,Sachsen-Anhalt,1054,987,2041,97,60,157,1151,1047,2198
2007,Bayern,Thueringen,2126,2075,4201,129,99,228,2255,2174,4429
2007,Bayern,Insgesamt,44462,43485,87947,8505,6600,15105,52967,50085,103052
2007,Saarland,Schleswig-Holstein,89,79,168,9,6,15,98,85,183
2007,Saarland,Hamburg,66,82,148,21,16,37,87,98,185
2007,Saarland,Niedersachsen,171,213,384,24,32,56,195,245,440
2007,Saarland,Bremen,23,26,49,13,9,22,36,35,71
2007,Saarland,Nordrhein-Westfalen,709,759,1468,183,153,336,892,912,1804
2007,Saarland,Hessen,456,469,925,110,110,220,566,579,1145
2007,Saarland,Rheinland-Pfalz,1764,1856,3620,183,190,373,1947,2046,3993
2007,Saarland,Baden-Wuerttemberg,805,806,1611,254,186,440,1059,992,2051
2007,Saarland,Bayern,548,502,1050,115,90,205,663,592,1255
2007,Saarland,Saarland,0,0,0,0,0,0,0,0,0
2007,Saarland,Berlin,182,163,345,35,50,85,217,213,430
2007,Saarland,Brandenburg,68,48,116,2,2,4,70,50,120
2007,Saarland,Mecklenburg-Vorpommern,39,38,77,8,2,10,47,40,87
2007,Saarland,Sachsen,81,87,168,65,51,116,146,138,284
2007,Saarland,Sachsen-Anhalt,41,24,65,4,5,9,45,29,74
2007,Saarland,Thueringen,54,59,113,5,5,10,59,64,123
2007,Saarland,Insgesamt,5096,5211,10307,1031,907,1938,6127,6118,12245
2007,Berlin,Schleswig-Holstein,1137,1121,2258,111,75,186,1248,1196,2444
2007,Berlin,Hamburg,1269,1262,2531,195,178,373,1464,1440,2904
2007,Berlin,Niedersachsen,2273,2319,4592,312,225,537,2585,2544,5129
2007,Berlin,Bremen,285,312,597,45,35,80,330,347,677
2007,Berlin,Nordrhein-Westfalen,3376,3520,6896,750,591,1341,4126,4111,8237
2007,Berlin,Hessen,1609,1548,3157,298,286,584,1907,1834,3741
2007,Berlin,Rheinland-Pfalz,662,633,1295,119,81,200,781,714,1495
2007,Berlin,Baden-Wuerttemberg,2617,2385,5002,511,431,942,3128,2816,5944
2007,Berlin,Bayern,3130,2900,6030,579,515,1094,3709,3415,7124
2007,Berlin,Saarland,120,109,229,33,26,59,153,135,288
2007,Berlin,Berlin,0,0,0,0,0,0,0,0,0
2007,Berlin,Brandenburg,13387,13812,27199,742,641,1383,14129,14453,28582
2007,Berlin,Mecklenburg-Vorpommern,1338,1247,2585,162,76,238,1500,1323,2823
2007,Berlin,Sachsen,1288,1279,2567,183,164,347,1471,1443,2914
2007,Berlin,Sachsen-Anhalt,776,756,1532,143,102,245,919,858,1777
2007,Berlin,Thueringen,480,458,938,66,66,132,546,524,1070
2007,Berlin,Insgesamt,33747,33661,67408,4249,3492,7741,37996,37153,75149
2007,Brandenburg,Schleswig-Holstein,789,831,1620,31,17,48,820,848,1668
2007,Brandenburg,Hamburg,731,710,1441,53,45,98,784,755,1539
2007,Brandenburg,Niedersachsen,1660,1640,3300,101,71,172,1761,1711,3472
2007,Brandenburg,Bremen,124,154,278,15,13,28,139,167,306
2007,Brandenburg,Nordrhein-Westfalen,1767,1836,3603,224,140,364,1991,1976,3967
2007,Brandenburg,Hessen,789,881,1670,65,46,111,854,927,1781
2007,Brandenburg,Rheinland-Pfalz,408,385,793,42,35,77,450,420,870
2007,Brandenburg,Baden-Wuerttemberg,1842,1616,3458,136,132,268,1978,1748,3726
2007,Brandenburg,Bayern,1898,1758,3656,152,121,273,2050,1879,3929
2007,Brandenburg,Saarland,67,64,131,9,6,15,76,70,146
2007,Brandenburg,Berlin,10590,11305,21895,1169,1009,2178,11759,12314,24073
2007,Brandenburg,Brandenburg,0,0,0,0,0,0,0,0,0
2007,Brandenburg,Mecklenburg-Vorpommern,1473,1664,3137,43,29,72,1516,1693,3209
2007,Brandenburg,Sachsen,2169,2310,4479,87,44,131,2256,2354,4610
2007,Brandenburg,Sachsen-Anhalt,1076,1065,2141,51,33,84,1127,1098,2225
2007,Brandenburg,Thueringen,439,491,930,29,19,48,468,510,978
2007,Brandenburg,Insgesamt,25822,26710,52532,2207,1760,3967,28029,28470,56499
2007,Mecklenburg-Vorpommern,Schleswig-Holstein,2858,2834,5692,120,74,194,2978,2908,5886
2007,Mecklenburg-Vorpommern,Hamburg,2412,2495,4907,240,234,474,2652,2729,5381
2007,Mecklenburg-Vorpommern,Niedersachsen,2069,1977,4046,170,106,276,2239,2083,4322
2007,Mecklenburg-Vorpommern,Bremen,243,242,485,21,27,48,264,269,533
2007,Mecklenburg-Vorpommern,Nordrhein-Westfalen,1213,1316,2529,178,130,308,1391,1446,2837
2007,Mecklenburg-Vorpommern,Hessen,446,508,954,60,38,98,506,546,1052
2007,Mecklenburg-Vorpommern,Rheinland-Pfalz,266,237,503,38,22,60,304,259,563
2007,Mecklenburg-Vorpommern,Baden-Wuerttemberg,907,765,1672,118,71,189,1025,836,1861
2007,Mecklenburg-Vorpommern,Bayern,886,775,1661,100,61,161,986,836,1822
2007,Mecklenburg-Vorpommern,Saarland,25,30,55,5,5,10,30,35,65
2007,Mecklenburg-Vorpommern,Berlin,1922,2039,3961,217,160,377,2139,2199,4338
2007,Mecklenburg-Vorpommern,Brandenburg,1262,1411,2673,70,43,113,1332,1454,2786
2007,Mecklenburg-Vorpommern,Mecklenburg-Vorpommern,0,0,0,0,0,0,0,0,0
2007,Mecklenburg-Vorpommern,Sachsen,665,764,1429,44,28,72,709,792,1501
2007,Mecklenburg-Vorpommern,Sachsen-Anhalt,459,486,945,42,18,60,501,504,1005
2007,Mecklenburg-Vorpommern,Thueringen,266,269,535,16,8,24,282,277,559
2007,Mecklenburg-Vorpommern,Insgesamt,15899,16148,32047,1439,1025,2464,17338,17173,34511
2007,Sachsen,Schleswig-Holstein,550,590,1140,68,38,106,618,628,1246
2007,Sachsen,Hamburg,595,595,1190,109,68,177,704,663,1367
2007,Sachsen,Niedersachsen,1483,1556,3039,174,153,327,1657,1709,3366
2007,Sachsen,Bremen,119,145,264,36,23,59,155,168,323
2007,Sachsen,Nordrhein-Westfalen,2357,2474,4831,513,331,844,2870,2805,5675
2007,Sachsen,Hessen,1584,1686,3270,281,189,470,1865,1875,3740
2007,Sachsen,Rheinland-Pfalz,690,720,1410,116,90,206,806,810,1616
2007,Sachsen,Baden-Wuerttemberg,3684,3464,7148,444,324,768,4128,3788,7916
2007,Sachsen,Bayern,5712,5653,11365,522,380,902,6234,6033,12267
2007,Sachsen,Saarland,110,113,223,23,12,35,133,125,258
2007,Sachsen,Berlin,1912,2164,4076,398,297,695,2310,2461,4771
2007,Sachsen,Brandenburg,1705,1904,3609,119,56,175,1824,1960,3784
2007,Sachsen,Mecklenburg-Vorpommern,690,790,1480,59,41,100,749,831,1580
2007,Sachsen,Sachsen,0,0,0,0,0,0,0,0,0
2007,Sachsen,Sachsen-Anhalt,1862,2042,3904,168,120,288,2030,2162,4192
2007,Sachsen,Thueringen,1951,2043,3994,141,82,223,2092,2125,4217
2007,Sachsen,Insgesamt,25004,25939,50943,3171,2204,5375,28175,28143,56318
2007,Sachsen-Anhalt,Schleswig-Holstein,493,532,1025,58,26,84,551,558,1109
2007,Sachsen-Anhalt,Hamburg,701,722,1423,119,77,196,820,799,1619
2007,Sachsen-Anhalt,Niedersachsen,3781,4176,7957,235,198,433,4016,4374,8390
2007,Sachsen-Anhalt,Bremen,142,148,290,17,19,36,159,167,326
2007,Sachsen-Anhalt,Nordrhein-Westfalen,1908,2018,3926,450,259,709,2358,2277,4635
2007,Sachsen-Anhalt,Hessen,990,1000,1990,140,115,255,1130,1115,2245
2007,Sachsen-Anhalt,Rheinland-Pfalz,456,445,901,84,45,129,540,490,1030
2007,Sachsen-Anhalt,Baden-Wuerttemberg,1780,1643,3423,211,164,375,1991,1807,3798
2007,Sachsen-Anhalt,Bayern,2084,1968,4052,283,150,433,2367,2118,4485
2007,Sachsen-Anhalt,Saarland,70,69,139,10,12,22,80,81,161
2007,Sachsen-Anhalt,Berlin,1328,1585,2913,241,176,417,1569,1761,3330
2007,Sachsen-Anhalt,Brandenburg,1063,1268,2331,61,33,94,1124,1301,2425
2007,Sachsen-Anhalt,Mecklenburg-Vorpommern,579,683,1262,27,11,38,606,694,1300
2007,Sachsen-Anhalt,Sachsen,2844,3048,5892,215,151,366,3059,3199,6258
2007,Sachsen-Anhalt,Sachsen-Anhalt,0,0,0,0,0,0,0,0,0
2007,Sachsen-Anhalt,Thueringen,1311,1475,2786,63,28,91,1374,1503,2877
2007,Sachsen-Anhalt,Insgesamt,19530,20780,40310,2214,1464,3678,21744,22244,43988
2007,Thueringen,Schleswig-Holstein,304,301,605,20,17,37,324,318,642
2007,Thueringen,Hamburg,470,445,915,47,44,91,517,489,1006
2007,Thueringen,Niedersachsen,1336,1379,2715,129,98,227,1465,1477,2942
2007,Thueringen,Bremen,66,89,155,12,7,19,78,96,174
2007,Thueringen,Nordrhein-Westfalen,1541,1534,3075,291,187,478,1832,1721,3553
2007,Thueringen,Hessen,2114,2365,4479,218,169,387,2332,2534,4866
2007,Thueringen,Rheinland-Pfalz,470,528,998,68,34,102,538,562,1100
2007,Thueringen,Baden-Wuerttemberg,2144,1998,4142,158,120,278,2302,2118,4420
2007,Thueringen,Bayern,3758,3719,7477,265,208,473,4023,3927,7950
2007,Thueringen,Saarland,85,78,163,13,6,19,98,84,182
2007,Thueringen,Berlin,874,961,1835,83,87,170,957,1048,2005
2007,Thueringen,Brandenburg,418,516,934,29,10,39,447,526,973
2007,Thueringen,Mecklenburg-Vorpommern,313,354,667,15,10,25,328,364,692
2007,Thueringen,Sachsen,2550,2795,5345,95,73,168,2645,2868,5513
2007,Thueringen,Sachsen-Anhalt,1035,1148,2183,48,26,74,1083,1174,2257
2007,Thueringen,Thueringen,0,0,0,0,0,0,0,0,0
2007,Thueringen,Insgesamt,17478,18210,35688,1491,1096,2587,18969,19306,38275
2007,Insgesamt,Schleswig-Holstein,26829,28247,55076,2836,2222,5058,29665,30469,60134
2007,Insgesamt,Hamburg,27415,28032,55447,3751,3215,6966,31166,31247,62413
2007,Insgesamt,Niedersachsen,50780,52872,103652,5586,4530,10116,56366,57402,113768
2007,Insgesamt,Bremen,9325,9570,18895,1213,1082,2295,10538,10652,21190
2007,Insgesamt,Nordrhein-Westfalen,57115,59994,117109,12249,9421,21670,69364,69415,138779
2007,Insgesamt,Hessen,38145,39447,77592,7937,6543,14480,46082,45990,92072
2007,Insgesamt,Rheinland-Pfalz,27057,28084,55141,4838,4044,8882,31895,32128,64023
2007,Insgesamt,Baden-Wuerttemberg,53493,52357,105850,9972,8117,18089,63465,60474,123939
2007,Insgesamt,Bayern,59233,57910,117143,9899,7487,17386,69132,65397,134529
2007,Insgesamt,Saarland,4406,4576,8982,746,658,1404,5152,5234,10386
2007,Insgesamt,Berlin,35726,36676,72402,5362,4761,10123,41088,41437,82525
2007,Insgesamt,Brandenburg,24554,25333,49887,1504,1087,2591,26058,26420,52478
2007,Insgesamt,Mecklenburg-Vorpommern,11557,11616,23173,723,457,1180,12280,12073,24353
2007,Insgesamt,Sachsen,20970,21095,42065,1753,1313,3066,22723,22408,45131
2007,Insgesamt,Sachsen-Anhalt,12342,12355,24697,1115,718,1833,13457,13073,26530
2007,Insgesamt,Thueringen,11605,11878,23483,857,603,1460,12462,12481,24943
2007,Insgesamt,Insgesamt,470552,480042,950594,70341,56258,126599,540893,536300,1077193
2008,Schleswig-Holstein,Schleswig-Holstein,0,0,0,0,0,0,0,0,0
2008,Schleswig-Holstein,Hamburg,8323,8642,16965,949,892,1841,9272,9534,18806
2008,Schleswig-Holstein,Niedersachsen,3861,3986,7847,257,246,503,4118,4232,8350
2008,Schleswig-Holstein,Bremen,447,428,875,61,41,102,508,469,977
2008,Schleswig-Holstein,Nordrhein-Westfalen,2498,2640,5138,290,278,568,2788,2918,5706
2008,Schleswig-Holstein,Hessen,864,915,1779,135,112,247,999,1027,2026
2008,Schleswig-Holstein,Rheinland-Pfalz,387,400,787,58,38,96,445,438,883
2008,Schleswig-Holstein,Baden-Wuerttemberg,1189,1256,2445,164,155,319,1353,1411,2764
2008,Schleswig-Holstein,Bayern,1413,1358,2771,211,139,350,1624,1497,3121
2008,Schleswig-Holstein,Saarland,71,77,148,6,9,15,77,86,163
2008,Schleswig-Holstein,Berlin,1224,1278,2502,89,99,188,1313,1377,2690
2008,Schleswig-Holstein,Brandenburg,536,527,1063,7,17,24,543,544,1087
2008,Schleswig-Holstein,Mecklenburg-Vorpommern,1973,1876,3849,66,57,123,2039,1933,3972
2008,Schleswig-Holstein,Sachsen,414,370,784,23,24,47,437,394,831
2008,Schleswig-Holstein,Sachsen-Anhalt,343,313,656,30,15,45,373,328,701
2008,Schleswig-Holstein,Thueringen,184,193,377,16,8,24,200,201,401
2008,Schleswig-Holstein,Insgesamt,23727,24259,47986,2362,2130,4492,26089,26389,52478
2008,Hamburg,Schleswig-Holstein,9489,9935,19424,1027,846,1873,10516,10781,21297
2008,Hamburg,Hamburg,0,0,0,0,0,0,0,0,0
2008,Hamburg,Niedersachsen,5224,5355,10579,591,500,1091,5815,5855,11670
2008,Hamburg,Bremen,399,407,806,94,84,178,493,491,984
2008,Hamburg,Nordrhein-Westfalen,1857,1864,3721,372,278,650,2229,2142,4371
2008,Hamburg,Hessen,763,754,1517,218,147,365,981,901,1882
2008,Hamburg,Rheinland-Pfalz,262,239,501,34,30,64,296,269,565
2008,Hamburg,Baden-Wuerttemberg,1006,966,1972,158,162,320,1164,1128,2292
2008,Hamburg,Bayern,1168,1121,2289,235,198,433,1403,1319,2722
2008,Hamburg,Saarland,39,54,93,6,10,16,45,64,109
2008,Hamburg,Berlin,1441,1380,2821,206,185,391,1647,1565,3212
2008,Hamburg,Brandenburg,308,294,602,17,10,27,325,304,629
2008,Hamburg,Mecklenburg-Vorpommern,977,1004,1981,51,35,86,1028,1039,2067
2008,Hamburg,Sachsen,274,267,541,34,23,57,308,290,598
2008,Hamburg,Sachsen-Anhalt,225,211,436,14,8,22,239,219,458
2008,Hamburg,Thueringen,155,121,276,12,4,16,167,125,292
2008,Hamburg,Insgesamt,23587,23972,47559,3069,2520,5589,26656,26492,53148
2008,Niedersachsen,Schleswig-Holstein,4226,4432,8658,302,263,565,4528,4695,9223
2008,Niedersachsen,Hamburg,6015,6337,12352,664,622,1286,6679,6959,13638
2008,Niedersachsen,Niedersachsen,0,0,0,0,0,0,0,0,0
2008,Niedersachsen,Bremen,6135,6012,12147,616,599,1215,6751,6611,13362
2008,Niedersachsen,Nordrhein-Westfalen,13160,14109,27269,2241,1855,4096,15401,15964,31365
2008,Niedersachsen,Hessen,3751,4035,7786,643,571,1214,4394,4606,9000
2008,Niedersachsen,Rheinland-Pfalz,1338,1410,2748,222,224,446,1560,1634,3194
2008,Niedersachsen,Baden-Wuerttemberg,4089,4075,8164,846,806,1652,4935,4881,9816
2008,Niedersachsen,Bayern,4182,4063,8245,693,569,1262,4875,4632,9507
2008,Niedersachsen,Saarland,217,205,422,49,42,91,266,247,513
2008,Niedersachsen,Berlin,2937,2910,5847,460,509,969,3397,3419,6816
2008,Niedersachsen,Brandenburg,1163,1168,2331,72,66,138,1235,1234,2469
2008,Niedersachsen,Mecklenburg-Vorpommern,1444,1356,2800,119,58,177,1563,1414,2977
2008,Niedersachsen,Sachsen,1335,1350,2685,149,115,264,1484,1465,2949
2008,Niedersachsen,Sachsen-Anhalt,2518,2540,5058,110,101,211,2628,2641,5269
2008,Niedersachsen,Thueringen,973,1100,2073,103,66,169,1076,1166,2242
2008,Niedersachsen,Insgesamt,53483,55102,108585,7289,6466,13755,60772,61568,122340
2008,Bremen,Schleswig-Holstein,367,369,736,40,45,85,407,414,821
2008,Bremen,Hamburg,597,673,1270,124,89,213,721,762,1483
2008,Bremen,Niedersachsen,5680,6110,11790,535,489,1024,6215,6599,12814
2008,Bremen,Bremen,0,0,0,0,0,0,0,0,0
2008,Bremen,Nordrhein-Westfalen,857,890,1747,215,213,428,1072,1103,2175
2008,Bremen,Hessen,355,302,657,74,67,141,429,369,798
2008,Bremen,Rheinland-Pfalz,128,104,232,17,21,38,145,125,270
2008,Bremen,Baden-Wuerttemberg,405,369,774,122,92,214,527,461,988
2008,Bremen,Bayern,409,402,811,121,79,200,530,481,1011
2008,Bremen,Saarland,24,22,46,8,18,26,32,40,72
2008,Bremen,Berlin,365,403,768,65,78,143,430,481,911
2008,Bremen,Brandenburg,90,97,187,5,3,8,95,100,195
2008,Bremen,Mecklenburg-Vorpommern,136,124,260,12,8,20,148,132,280
2008,Bremen,Sachsen,107,119,226,11,10,21,118,129,247
2008,Bremen,Sachsen-Anhalt,73,80,153,14,8,22,87,88,175
2008,Bremen,Thueringen,62,61,123,4,7,11,66,68,134
2008,Bremen,Insgesamt,9655,10125,19780,1367,1227,2594,11022,11352,22374
2008,Nordrhein-Westfalen,Schleswig-Holstein,3174,3449,6623,304,215,519,3478,3664,7142
2008,Nordrhein-Westfalen,Hamburg,2947,3274,6221,499,424,923,3446,3698,7144
2008,Nordrhein-Westfalen,Niedersachsen,13551,14495,28046,1813,1470,3283,15364,15965,31329
2008,Nordrhein-Westfalen,Bremen,1004,1021,2025,176,139,315,1180,1160,2340
2008,Nordrhein-Westfalen,Nordrhein-Westfalen,0,0,0,0,0,0,0,0,0
2008,Nordrhein-Westfalen,Hessen,7661,8202,15863,1834,1516,3350,9495,9718,19213
2008,Nordrhein-Westfalen,Rheinland-Pfalz,7165,7383,14548,1090,830,1920,8255,8213,16468
2008,Nordrhein-Westfalen,Baden-Wuerttemberg,8500,8512,17012,2011,1685,3696,10511,10197,20708
2008,Nordrhein-Westfalen,Bayern,9007,8671,17678,1942,1509,3451,10949,10180,21129
2008,Nordrhein-Westfalen,Saarland,657,662,1319,158,124,282,815,786,1601
2008,Nordrhein-Westfalen,Berlin,4806,4958,9764,828,747,1575,5634,5705,11339
2008,Nordrhein-Westfalen,Brandenburg,1464,1401,2865,95,89,184,1559,1490,3049
2008,Nordrhein-Westfalen,Mecklenburg-Vorpommern,1030,1037,2067,129,71,200,1159,1108,2267
2008,Nordrhein-Westfalen,Sachsen,1948,1910,3858,231,149,380,2179,2059,4238
2008,Nordrhein-Westfalen,Sachsen-Anhalt,1218,1159,2377,207,81,288,1425,1240,2665
2008,Nordrhein-Westfalen,Thueringen,1063,1111,2174,121,99,220,1184,1210,2394
2008,Nordrhein-Westfalen,Insgesamt,65195,67245,132440,11438,9148,20586,76633,76393,153026
2008,Hessen,Schleswig-Holstein,1047,1149,2196,140,88,228,1187,1237,2424
2008,Hessen,Hamburg,1063,1124,2187,168,162,330,1231,1286,2517
2008,Hessen,Niedersachsen,3496,3722,7218,427,343,770,3923,4065,7988
2008,Hessen,Bremen,308,291,599,63,36,99,371,327,698
2008,Hessen,Nordrhein-Westfalen,6943,7474,14417,1610,1313,2923,8553,8787,17340
2008,Hessen,Hessen,0,0,0,0,0,0,0,0,0
2008,Hessen,Rheinland-Pfalz,5679,6127,11806,1119,978,2097,6798,7105,13903
2008,Hessen,Baden-Wuerttemberg,6745,6723,13468,1428,1220,2648,8173,7943,16116
2008,Hessen,Bayern,6518,6649,13167,1289,1085,2374,7807,7734,15541
2008,Hessen,Saarland,387,374,761,93,76,169,480,450,930
2008,Hessen,Berlin,1932,2014,3946,308,325,633,2240,2339,4579
2008,Hessen,Brandenburg,614,560,1174,49,29,78,663,589,1252
2008,Hessen,Mecklenburg-Vorpommern,362,334,696,29,19,48,391,353,744
2008,Hessen,Sachsen,1183,1156,2339,87,94,181,1270,1250,2520
2008,Hessen,Sachsen-Anhalt,557,534,1091,59,39,98,616,573,1189
2008,Hessen,Thueringen,1429,1544,2973,126,67,193,1555,1611,3166
2008,Hessen,Insgesamt,38263,39775,78038,6995,5874,12869,45258,45649,90907
2008,Rheinland-Pfalz,Schleswig-Holstein,495,515,1010,53,53,106,548,568,1116
2008,Rheinland-Pfalz,Hamburg,413,420,833,58,62,120,471,482,953
2008,Rheinland-Pfalz,Niedersachsen,1277,1335,2612,180,153,333,1457,1488,2945
2008,Rheinland-Pfalz,Bremen,127,134,261,19,21,40,146,155,301
2008,Rheinland-Pfalz,Nordrhein-Westfalen,7328,7896,15224,1179,998,2177,8507,8894,17401
2008,Rheinland-Pfalz,Hessen,6062,6513,12575,1196,1110,2306,7258,7623,14881
2008,Rheinland-Pfalz,Rheinland-Pfalz,0,0,0,0,0,0,0,0,0
2008,Rheinland-Pfalz,Baden-Wuerttemberg,6036,6127,12163,1209,1045,2254,7245,7172,14417
2008,Rheinland-Pfalz,Bayern,2613,2681,5294,512,388,900,3125,3069,6194
2008,Rheinland-Pfalz,Saarland,1987,2111,4098,198,186,384,2185,2297,4482
2008,Rheinland-Pfalz,Berlin,943,918,1861,121,128,249,1064,1046,2110
2008,Rheinland-Pfalz,Brandenburg,348,298,646,18,16,34,366,314,680
2008,Rheinland-Pfalz,Mecklenburg-Vorpommern,189,183,372,15,10,25,204,193,397
2008,Rheinland-Pfalz,Sachsen,543,524,1067,52,38,90,595,562,1157
2008,Rheinland-Pfalz,Sachsen-Anhalt,263,242,505,20,12,32,283,254,537
2008,Rheinland-Pfalz,Thueringen,313,332,645,34,23,57,347,355,702
2008,Rheinland-Pfalz,Insgesamt,28937,30229,59166,4864,4243,9107,33801,34472,68273
2008,Baden-Wuerttemberg,Schleswig-Holstein,1158,1239,2397,163,135,298,1321,1374,2695
2008,Baden-Wuerttemberg,Hamburg,1348,1393,2741,229,190,419,1577,1583,3160
2008,Baden-Wuerttemberg,Niedersachsen,3064,3002,6066,551,440,991,3615,3442,7057
2008,Baden-Wuerttemberg,Bremen,342,277,619,87,47,134,429,324,753
2008,Baden-Wuerttemberg,Nordrhein-Westfalen,6541,6576,13117,1673,1493,3166,8214,8069,16283
2008,Baden-Wuerttemberg,Hessen,6309,6459,12768,1563,1378,2941,7872,7837,15709
2008,Baden-Wuerttemberg,Rheinland-Pfalz,5399,5707,11106,1193,1048,2241,6592,6755,13347
2008,Baden-Wuerttemberg,Baden-Wuerttemberg,0,0,0,0,0,0,0,0,0
2008,Baden-Wuerttemberg,Bayern,15217,15392,30609,2796,2228,5024,18013,17620,35633
2008,Baden-Wuerttemberg,Saarland,656,657,1313,116,121,237,772,778,1550
2008,Baden-Wuerttemberg,Berlin,3043,3078,6121,563,450,1013,3606,3528,7134
2008,Baden-Wuerttemberg,Brandenburg,990,969,1959,56,38,94,1046,1007,2053
2008,Baden-Wuerttemberg,Mecklenburg-Vorpommern,616,530,1146,57,40,97,673,570,1243
2008,Baden-Wuerttemberg,Sachsen,2268,2114,4382,180,149,329,2448,2263,4711
2008,Baden-Wuerttemberg,Sachsen-Anhalt,948,795,1743,119,76,195,1067,871,1938
2008,Baden-Wuerttemberg,Thueringen,1100,1102,2202,93,57,150,1193,1159,2352
2008,Baden-Wuerttemberg,Insgesamt,48999,49290,98289,9439,7890,17329,58438,57180,115618
2008,Bayern,Schleswig-Holstein,1287,1327,2614,255,179,434,1542,1506,3048
2008,Bayern,Hamburg,1291,1380,2671,263,213,476,1554,1593,3147
2008,Bayern,Niedersachsen,3006,3030,6036,590,394,984,3596,3424,7020
2008,Bayern,Bremen,296,274,570,80,50,130,376,324,700
2008,Bayern,Nordrhein-Westfalen,6579,6480,13059,1981,1448,3429,8560,7928,16488
2008,Bayern,Hessen,5668,5496,11164,1314,1093,2407,6982,6589,13571
2008,Bayern,Rheinland-Pfalz,2098,2047,4145,414,303,717,2512,2350,4862
2008,Bayern,Baden-Wuerttemberg,13802,13734,27536,2640,2073,4713,16442,15807,32249
2008,Bayern,Bayern,0,0,0,0,0,0,0,0,0
2008,Bayern,Saarland,350,358,708,75,64,139,425,422,847
2008,Bayern,Berlin,3303,3358,6661,567,540,1107,3870,3898,7768
2008,Bayern,Brandenburg,1152,1029,2181,68,67,135,1220,1096,2316
2008,Bayern,Mecklenburg-Vorpommern,567,525,1092,32,25,57,599,550,1149
2008,Bayern,Sachsen,3506,3405,6911,264,178,442,3770,3583,7353
2008,Bayern,Sachsen-Anhalt,1106,947,2053,139,60,199,1245,1007,2252
2008,Bayern,Thueringen,2184,2107,4291,138,90,228,2322,2197,4519
2008,Bayern,Insgesamt,46195,45497,91692,8820,6777,15597,55015,52274,107289
2008,Saarland,Schleswig-Holstein,79,90,169,6,6,12,85,96,181
2008,Saarland,Hamburg,89,87,176,15,10,25,104,97,201
2008,Saarland,Niedersachsen,215,209,424,45,32,77,260,241,501
2008,Saarland,Bremen,30,34,64,4,13,17,34,47,81
2008,Saarland,Nordrhein-Westfalen,714,745,1459,206,173,379,920,918,1838
2008,Saarland,Hessen,495,459,954,131,115,246,626,574,1200
2008,Saarland,Rheinland-Pfalz,1915,2045,3960,207,177,384,2122,2222,4344
2008,Saarland,Baden-Wuerttemberg,910,907,1817,201,153,354,1111,1060,2171
2008,Saarland,Bayern,569,555,1124,142,111,253,711,666,1377
2008,Saarland,Saarland,0,0,0,0,0,0,0,0,0
2008,Saarland,Berlin,205,188,393,43,46,89,248,234,482
2008,Saarland,Brandenburg,44,41,85,5,0,5,49,41,90
2008,Saarland,Mecklenburg-Vorpommern,42,38,80,2,3,5,44,41,85
2008,Saarland,Sachsen,91,84,175,60,23,83,151,107,258
2008,Saarland,Sachsen-Anhalt,46,47,93,35,12,47,81,59,140
2008,Saarland,Thueringen,70,65,135,6,6,12,76,71,147
2008,Saarland,Insgesamt,5514,5594,11108,1108,880,1988,6622,6474,13096
2008,Berlin,Schleswig-Holstein,1108,1219,2327,102,99,201,1210,1318,2528
2008,Berlin,Hamburg,1243,1334,2577,182,150,332,1425,1484,2909
2008,Berlin,Niedersachsen,2240,2215,4455,322,252,574,2562,2467,5029
2008,Berlin,Bremen,283,279,562,35,41,76,318,320,638
2008,Berlin,Nordrhein-Westfalen,3310,3455,6765,755,593,1348,4065,4048,8113
2008,Berlin,Hessen,1552,1500,3052,393,302,695,1945,1802,3747
2008,Berlin,Rheinland-Pfalz,583,578,1161,97,77,174,680,655,1335
2008,Berlin,Baden-Wuerttemberg,2601,2350,4951,536,416,952,3137,2766,5903
2008,Berlin,Bayern,2956,2777,5733,613,528,1141,3569,3305,6874
2008,Berlin,Saarland,148,149,297,50,31,81,198,180,378
2008,Berlin,Berlin,0,0,0,0,0,0,0,0,0
2008,Berlin,Brandenburg,12988,13414,26402,693,660,1353,13681,14074,27755
2008,Berlin,Mecklenburg-Vorpommern,1226,1270,2496,143,78,221,1369,1348,2717
2008,Berlin,Sachsen,1353,1334,2687,209,184,393,1562,1518,3080
2008,Berlin,Sachsen-Anhalt,755,774,1529,166,94,260,921,868,1789
2008,Berlin,Thueringen,497,529,1026,81,44,125,578,573,1151
2008,Berlin,Insgesamt,32843,33177,66020,4377,3549,7926,37220,36726,73946
2008,Brandenburg,Schleswig-Holstein,830,847,1677,27,26,53,857,873,1730
2008,Brandenburg,Hamburg,636,688,1324,36,33,69,672,721,1393
2008,Brandenburg,Niedersachsen,1501,1499,3000,77,78,155,1578,1577,3155
2008,Brandenburg,Bremen,156,132,288,6,10,16,162,142,304
2008,Brandenburg,Nordrhein-Westfalen,1743,1715,3458,179,138,317,1922,1853,3775
2008,Brandenburg,Hessen,768,758,1526,59,52,111,827,810,1637
2008,Brandenburg,Rheinland-Pfalz,435,378,813,18,21,39,453,399,852
2008,Brandenburg,Baden-Wuerttemberg,1627,1513,3140,103,91,194,1730,1604,3334
2008,Brandenburg,Bayern,1883,1716,3599,112,96,208,1995,1812,3807
2008,Brandenburg,Saarland,61,52,113,1,4,5,62,56,118
2008,Brandenburg,Berlin,11051,11282,22333,1114,1011,2125,12165,12293,24458
2008,Brandenburg,Brandenburg,0,0,0,0,0,0,0,0,0
2008,Brandenburg,Mecklenburg-Vorpommern,1476,1672,3148,41,32,73,1517,1704,3221
2008,Brandenburg,Sachsen,2318,2369,4687,96,74,170,2414,2443,4857
2008,Brandenburg,Sachsen-Anhalt,1082,1116,2198,68,31,99,1150,1147,2297
2008,Brandenburg,Thueringen,478,542,1020,21,5,26,499,547,1046
2008,Brandenburg,Insgesamt,26045,26279,52324,1958,1702,3660,28003,27981,55984
2008,Mecklenburg-Vorpommern,Schleswig-Holstein,2829,2832,5661,108,83,191,2937,2915,5852
2008,Mecklenburg-Vorpommern,Hamburg,2359,2555,4914,374,242,616,2733,2797,5530
2008,Mecklenburg-Vorpommern,Niedersachsen,2060,2085,4145,185,163,348,2245,2248,4493
2008,Mecklenburg-Vorpommern,Bremen,264,257,521,22,12,34,286,269,555
2008,Mecklenburg-Vorpommern,Nordrhein-Westfalen,1208,1239,2447,233,156,389,1441,1395,2836
2008,Mecklenburg-Vorpommern,Hessen,491,498,989,82,44,126,573,542,1115
2008,Mecklenburg-Vorpommern,Rheinland-Pfalz,238,231,469,45,26,71,283,257,540
2008,Mecklenburg-Vorpommern,Baden-Wuerttemberg,927,834,1761,96,78,174,1023,912,1935
2008,Mecklenburg-Vorpommern,Bayern,937,816,1753,119,76,195,1056,892,1948
2008,Mecklenburg-Vorpommern,Saarland,34,35,69,9,1,10,43,36,79
2008,Mecklenburg-Vorpommern,Berlin,2034,2113,4147,172,138,310,2206,2251,4457
2008,Mecklenburg-Vorpommern,Brandenburg,1279,1383,2662,36,49,85,1315,1432,2747
2008,Mecklenburg-Vorpommern,Mecklenburg-Vorpommern,0,0,0,0,0,0,0,0,0
2008,Mecklenburg-Vorpommern,Sachsen,751,778,1529,28,22,50,779,800,1579
2008,Mecklenburg-Vorpommern,Sachsen-Anhalt,429,435,864,35,17,52,464,452,916
2008,Mecklenburg-Vorpommern,Thueringen,282,298,580,14,15,29,296,313,609
2008,Mecklenburg-Vorpommern,Insgesamt,16122,16389,32511,1558,1122,2680,17680,17511,35191
2008,Sachsen,Schleswig-Holstein,534,605,1139,47,35,82,581,640,1221
2008,Sachsen,Hamburg,572,628,1200,103,70,173,675,698,1373
2008,Sachsen,Niedersachsen,1512,1467,2979,232,139,371,1744,1606,3350
2008,Sachsen,Bremen,166,160,326,28,16,44,194,176,370
2008,Sachsen,Nordrhein-Westfalen,2475,2629,5104,615,375,990,3090,3004,6094
2008,Sachsen,Hessen,1555,1628,3183,308,208,516,1863,1836,3699
2008,Sachsen,Rheinland-Pfalz,694,693,1387,115,87,202,809,780,1589
2008,Sachsen,Baden-Wuerttemberg,3683,3346,7029,388,347,735,4071,3693,7764
2008,Sachsen,Bayern,5557,5425,10982,597,396,993,6154,5821,11975
2008,Sachsen,Saarland,97,91,188,36,22,58,133,113,246
2008,Sachsen,Berlin,2079,2440,4519,400,293,693,2479,2733,5212
2008,Sachsen,Brandenburg,1815,2025,3840,99,78,177,1914,2103,4017
2008,Sachsen,Mecklenburg-Vorpommern,599,763,1362,30,25,55,629,788,1417
2008,Sachsen,Sachsen,0,0,0,0,0,0,0,0,0
2008,Sachsen,Sachsen-Anhalt,1885,2135,4020,172,109,281,2057,2244,4301
2008,Sachsen,Thueringen,2076,2272,4348,174,104,278,2250,2376,4626
2008,Sachsen,Insgesamt,25299,26307,51606,3344,2304,5648,28643,28611,57254
2008,Sachsen-Anhalt,Schleswig-Holstein,509,556,1065,66,36,102,575,592,1167
2008,Sachsen-Anhalt,Hamburg,613,602,1215,89,59,148,702,661,1363
2008,Sachsen-Anhalt,Niedersachsen,3796,4050,7846,327,233,560,4123,4283,8406
2008,Sachsen-Anhalt,Bremen,139,139,278,17,11,28,156,150,306
2008,Sachsen-Anhalt,Nordrhein-Westfalen,1793,1941,3734,438,271,709,2231,2212,4443
2008,Sachsen-Anhalt,Hessen,998,1107,2105,153,111,264,1151,1218,2369
2008,Sachsen-Anhalt,Rheinland-Pfalz,430,376,806,78,45,123,508,421,929
2008,Sachsen-Anhalt,Baden-Wuerttemberg,1683,1544,3227,237,189,426,1920,1733,3653
2008,Sachsen-Anhalt,Bayern,2128,1921,4049,241,170,411,2369,2091,4460
2008,Sachsen-Anhalt,Saarland,41,54,95,21,12,33,62,66,128
2008,Sachsen-Anhalt,Berlin,1466,1631,3097,279,253,532,1745,1884,3629
2008,Sachsen-Anhalt,Brandenburg,1116,1331,2447,45,30,75,1161,1361,2522
2008,Sachsen-Anhalt,Mecklenburg-Vorpommern,589,687,1276,22,9,31,611,696,1307
2008,Sachsen-Anhalt,Sachsen,3065,3211,6276,184,116,300,3249,3327,6576
2008,Sachsen-Anhalt,Sachsen-Anhalt,0,0,0,0,0,0,0,0,0
2008,Sachsen-Anhalt,Thueringen,1374,1555,2929,69,36,105,1443,1591,3034
2008,Sachsen-Anhalt,Insgesamt,19740,20705,40445,2266,1581,3847,22006,22286,44292
2008,Thueringen,Schleswig-Holstein,280,313,593,24,8,32,304,321,625
2008,Thueringen,Hamburg,331,335,666,38,24,62,369,359,728
2008,Thueringen,Niedersachsen,1326,1390,2716,130,95,225,1456,1485,2941
2008,Thueringen,Bremen,98,111,209,8,9,17,106,120,226
2008,Thueringen,Nordrhein-Westfalen,1503,1593,3096,342,197,539,1845,1790,3635
2008,Thueringen,Hessen,2141,2358,4499,189,137,326,2330,2495,4825
2008,Thueringen,Rheinland-Pfalz,464,483,947,54,43,97,518,526,1044
2008,Thueringen,Baden-Wuerttemberg,2122,1849,3971,210,165,375,2332,2014,4346
2008,Thueringen,Bayern,3834,3810,7644,288,207,495,4122,4017,8139
2008,Thueringen,Saarland,55,68,123,10,9,19,65,77,142
2008,Thueringen,Berlin,887,1020,1907,109,90,199,996,1110,2106
2008,Thueringen,Brandenburg,456,504,960,42,19,61,498,523,1021
2008,Thueringen,Mecklenburg-Vorpommern,347,402,749,18,9,27,365,411,776
2008,Thueringen,Sachsen,2727,2797,5524,117,77,194,2844,2874,5718
2008,Thueringen,Sachsen-Anhalt,1161,1142,2303,61,32,93,1222,1174,2396
2008,Thueringen,Thueringen,0,0,0,0,0,0,0,0,0
2008,Thueringen,Insgesamt,17732,18175,35907,1640,1121,2761,19372,19296,38668
2008,Insgesamt,Schleswig-Holstein,27412,28877,56289,2664,2117,4781,30076,30994,61070
2008,Insgesamt,Hamburg,27840,29472,57312,3791,3242,7033,31631,32714,64345
2008,Insgesamt,Niedersachsen,51809,53950,105759,6262,5027,11289,58071,58977,117048
2008,Insgesamt,Bremen,10194,9956,20150,1316,1129,2445,11510,11085,22595
2008,Insgesamt,Nordrhein-Westfalen,58509,61246,119755,12329,9779,22108,70838,71025,141863
2008,Insgesamt,Hessen,39433,40984,80417,8292,6963,15255,47725,47947,95672
2008,Insgesamt,Rheinland-Pfalz,27215,28201,55416,4761,3948,8709,31976,32149,64125
2008,Insgesamt,Baden-Wuerttemberg,55325,54105,109430,10349,8677,19026,65674,62782,128456
2008,Insgesamt,Bayern,58391,57357,115748,9911,7779,17690,68302,65136,133438
2008,Insgesamt,Saarland,4824,4969,9793,836,729,1565,5660,5698,11358
2008,Insgesamt,Berlin,37716,38971,76687,5324,4892,10216,43040,43863,86903
2008,Insgesamt,Brandenburg,24363,25041,49404,1307,1171,2478,25670,26212,51882
2008,Insgesamt,Mecklenburg-Vorpommern,11573,11801,23374,766,479,1245,12339,12280,24619
2008,Insgesamt,Sachsen,21883,21788,43671,1725,1276,3001,23608,23064,46672
2008,Insgesamt,Sachsen-Anhalt,12609,12470,25079,1249,695,1944,13858,13165,27023
2008,Insgesamt,Thueringen,12240,12932,25172,1012,631,1643,13252,13563,26815
2008,Insgesamt,Insgesamt,481336,492120,973456,71894,58534,130428,553230,550654,1103884
2009,Schleswig-Holstein,Schleswig-Holstein,0,0,0,0,0,0,0,0,0
2009,Schleswig-Holstein,Hamburg,8284,8691,16975,982,919,1901,9266,9610,18876
2009,Schleswig-Holstein,Niedersachsen,3968,4191,8159,275,221,496,4243,4412,8655
2009,Schleswig-Holstein,Bremen,455,431,886,59,36,95,514,467,981
2009,Schleswig-Holstein,Nordrhein-Westfalen,2453,2527,4980,288,266,554,2741,2793,5534
2009,Schleswig-Holstein,Hessen,842,893,1735,115,91,206,957,984,1941
2009,Schleswig-Holstein,Rheinland-Pfalz,425,423,848,37,33,70,462,456,918
2009,Schleswig-Holstein,Baden-Wuerttemberg,1122,1238,2360,133,134,267,1255,1372,2627
2009,Schleswig-Holstein,Bayern,1331,1249,2580,169,134,303,1500,1383,2883
2009,Schleswig-Holstein,Saarland,39,56,95,10,6,16,49,62,111
2009,Schleswig-Holstein,Berlin,1222,1240,2462,115,128,243,1337,1368,2705
2009,Schleswig-Holstein,Brandenburg,595,540,1135,22,19,41,617,559,1176
2009,Schleswig-Holstein,Mecklenburg-Vorpommern,1966,1869,3835,67,42,109,2033,1911,3944
2009,Schleswig-Holstein,Sachsen,442,440,882,31,16,47,473,456,929
2009,Schleswig-Holstein,Sachsen-Anhalt,358,339,697,17,9,26,375,348,723
2009,Schleswig-Holstein,Thueringen,218,212,430,15,11,26,233,223,456
2009,Schleswig-Holstein,Insgesamt,23720,24339,48059,2335,2065,4400,26055,26404,52459
2009,Hamburg,Schleswig-Holstein,9764,10203,19967,1002,930,1932,10766,11133,21899
2009,Hamburg,Hamburg,0,0,0,0,0,0,0,0,0
2009,Hamburg,Niedersachsen,5309,5685,10994,563,522,1085,5872,6207,12079
2009,Hamburg,Bremen,396,425,821,112,75,187,508,500,1008
2009,Hamburg,Nordrhein-Westfalen,1868,1862,3730,354,293,647,2222,2155,4377
2009,Hamburg,Hessen,692,732,1424,177,164,341,869,896,1765
2009,Hamburg,Rheinland-Pfalz,259,246,505,50,27,77,309,273,582
2009,Hamburg,Baden-Wuerttemberg,965,951,1916,189,164,353,1154,1115,2269
2009,Hamburg,Bayern,1040,1079,2119,245,178,423,1285,1257,2542
2009,Hamburg,Saarland,52,50,102,12,9,21,64,59,123
2009,Hamburg,Berlin,1479,1445,2924,239,221,460,1718,1666,3384
2009,Hamburg,Brandenburg,365,342,707,21,23,44,386,365,751
2009,Hamburg,Mecklenburg-Vorpommern,1038,992,2030,51,33,84,1089,1025,2114
2009,Hamburg,Sachsen,340,292,632,28,28,56,368,320,688
2009,Hamburg,Sachsen-Anhalt,201,214,415,21,12,33,222,226,448
2009,Hamburg,Thueringen,145,146,291,26,7,33,171,153,324
2009,Hamburg,Insgesamt,23913,24664,48577,3090,2686,5776,27003,27350,54353
2009,Niedersachsen,Schleswig-Holstein,4245,4477,8722,307,304,611,4552,4781,9333
2009,Niedersachsen,Hamburg,5661,6374,12035,738,630,1368,6399,7004,13403
2009,Niedersachsen,Niedersachsen,0,0,0,0,0,0,0,0,0
2009,Niedersachsen,Bremen,6356,6142,12498,620,611,1231,6976,6753,13729
2009,Niedersachsen,Nordrhein-Westfalen,12510,13793,26303,2281,1998,4279,14791,15791,30582
2009,Niedersachsen,Hessen,3626,3819,7445,683,613,1296,4309,4432,8741
2009,Niedersachsen,Rheinland-Pfalz,1324,1327,2651,248,247,495,1572,1574,3146
2009,Niedersachsen,Baden-Wuerttemberg,3504,3491,6995,751,740,1491,4255,4231,8486
2009,Niedersachsen,Bayern,3739,3690,7429,766,684,1450,4505,4374,8879
2009,Niedersachsen,Saarland,174,187,361,53,57,110,227,244,471
2009,Niedersachsen,Berlin,3008,3189,6197,477,501,978,3485,3690,7175
2009,Niedersachsen,Brandenburg,1220,1188,2408,82,89,171,1302,1277,2579
2009,Niedersachsen,Mecklenburg-Vorpommern,1473,1457,2930,88,65,153,1561,1522,3083
2009,Niedersachsen,Sachsen,1300,1306,2606,145,128,273,1445,1434,2879
2009,Niedersachsen,Sachsen-Anhalt,2510,2604,5114,200,139,339,2710,2743,5453
2009,Niedersachsen,Thueringen,1111,1067,2178,86,76,162,1197,1143,2340
2009,Niedersachsen,Insgesamt,51761,54111,105872,7525,6882,14407,59286,60993,120279
2009,Bremen,Schleswig-Holstein,412,397,809,42,41,83,454,438,892
2009,Bremen,Hamburg,560,638,1198,126,90,216,686,728,1414
2009,Bremen,Niedersachsen,5821,5890,11711,559,508,1067,6380,6398,12778
2009,Bremen,Bremen,0,0,0,0,0,0,0,0,0
2009,Bremen,Nordrhein-Westfalen,809,895,1704,211,171,382,1020,1066,2086
2009,Bremen,Hessen,281,234,515,68,71,139,349,305,654
2009,Bremen,Rheinland-Pfalz,102,107,209,26,17,43,128,124,252
2009,Bremen,Baden-Wuerttemberg,373,318,691,88,68,156,461,386,847
2009,Bremen,Bayern,384,325,709,73,69,142,457,394,851
2009,Bremen,Saarland,9,16,25,8,4,12,17,20,37
2009,Bremen,Berlin,443,453,896,75,73,148,518,526,1044
2009,Bremen,Brandenburg,103,110,213,4,10,14,107,120,227
2009,Bremen,Mecklenburg-Vorpommern,131,132,263,24,12,36,155,144,299
2009,Bremen,Sachsen,121,122,243,10,12,22,131,134,265
2009,Bremen,Sachsen-Anhalt,80,93,173,8,3,11,88,96,184
2009,Bremen,Thueringen,56,58,114,4,6,10,60,64,124
2009,Bremen,Insgesamt,9685,9788,19473,1326,1155,2481,11011,10943,21954
2009,Nordrhein-Westfalen,Schleswig-Holstein,3057,3414,6471,324,268,592,3381,3682,7063
2009,Nordrhein-Westfalen,Hamburg,2902,3148,6050,552,438,990,3454,3586,7040
2009,Nordrhein-Westfalen,Niedersachsen,13628,14587,28215,1783,1467,3250,15411,16054,31465
2009,Nordrhein-Westfalen,Bremen,1029,1131,2160,273,180,453,1302,1311,2613
2009,Nordrhein-Westfalen,Nordrhein-Westfalen,0,0,0,0,0,0,0,0,0
2009,Nordrhein-Westfalen,Hessen,7384,7660,15044,1695,1473,3168,9079,9133,18212
2009,Nordrhein-Westfalen,Rheinland-Pfalz,7219,7546,14765,1046,862,1908,8265,8408,16673
2009,Nordrhein-Westfalen,Baden-Wuerttemberg,7802,7991,15793,1665,1431,3096,9467,9422,18889
2009,Nordrhein-Westfalen,Bayern,8107,7966,16073,1818,1369,3187,9925,9335,19260
2009,Nordrhein-Westfalen,Saarland,583,583,1166,170,100,270,753,683,1436
2009,Nordrhein-Westfalen,Berlin,4952,5249,10201,850,785,1635,5802,6034,11836
2009,Nordrhein-Westfalen,Brandenburg,1521,1494,3015,117,106,223,1638,1600,3238
2009,Nordrhein-Westfalen,Mecklenburg-Vorpommern,1103,1077,2180,110,79,189,1213,1156,2369
2009,Nordrhein-Westfalen,Sachsen,1907,1906,3813,261,171,432,2168,2077,4245
2009,Nordrhein-Westfalen,Sachsen-Anhalt,1292,1207,2499,130,87,217,1422,1294,2716
2009,Nordrhein-Westfalen,Thueringen,1190,1122,2312,123,75,198,1313,1197,2510
2009,Nordrhein-Westfalen,Insgesamt,63676,66081,129757,10917,8891,19808,74593,74972,149565
2009,Hessen,Schleswig-Holstein,1029,1187,2216,97,87,184,1126,1274,2400
2009,Hessen,Hamburg,1045,1089,2134,178,165,343,1223,1254,2477
2009,Hessen,Niedersachsen,3446,3638,7084,470,438,908,3916,4076,7992
2009,Hessen,Bremen,280,290,570,60,73,133,340,363,703
2009,Hessen,Nordrhein-Westfalen,6761,7436,14197,1590,1377,2967,8351,8813,17164
2009,Hessen,Hessen,0,0,0,0,0,0,0,0,0
2009,Hessen,Rheinland-Pfalz,5790,6209,11999,1113,948,2061,6903,7157,14060
2009,Hessen,Baden-Wuerttemberg,6231,6409,12640,1412,1205,2617,7643,7614,15257
2009,Hessen,Bayern,6056,6062,12118,1270,1054,2324,7326,7116,14442
2009,Hessen,Saarland,391,396,787,94,72,166,485,468,953
2009,Hessen,Berlin,2161,2087,4248,413,381,794,2574,2468,5042
2009,Hessen,Brandenburg,546,536,1082,94,33,127,640,569,1209
2009,Hessen,Mecklenburg-Vorpommern,367,368,735,29,22,51,396,390,786
2009,Hessen,Sachsen,1167,1143,2310,109,92,201,1276,1235,2511
2009,Hessen,Sachsen-Anhalt,529,572,1101,78,49,127,607,621,1228
2009,Hessen,Thueringen,1341,1502,2843,113,73,186,1454,1575,3029
2009,Hessen,Insgesamt,37140,38924,76064,7120,6069,13189,44260,44993,89253
2009,Rheinland-Pfalz,Schleswig-Holstein,484,577,1061,53,39,92,537,616,1153
2009,Rheinland-Pfalz,Hamburg,385,358,743,51,58,109,436,416,852
2009,Rheinland-Pfalz,Niedersachsen,1228,1265,2493,195,179,374,1423,1444,2867
2009,Rheinland-Pfalz,Bremen,126,121,247,22,23,45,148,144,292
2009,Rheinland-Pfalz,Nordrhein-Westfalen,7211,7676,14887,1235,1064,2299,8446,8740,17186
2009,Rheinland-Pfalz,Hessen,6016,6545,12561,1283,1139,2422,7299,7684,14983
2009,Rheinland-Pfalz,Rheinland-Pfalz,0,0,0,0,0,0,0,0,0
2009,Rheinland-Pfalz,Baden-Wuerttemberg,6089,6138,12227,1131,1013,2144,7220,7151,14371
2009,Rheinland-Pfalz,Bayern,2472,2496,4968,421,341,762,2893,2837,5730
2009,Rheinland-Pfalz,Saarland,1860,1958,3818,204,187,391,2064,2145,4209
2009,Rheinland-Pfalz,Berlin,968,926,1894,131,137,268,1099,1063,2162
2009,Rheinland-Pfalz,Brandenburg,320,323,643,39,29,68,359,352,711
2009,Rheinland-Pfalz,Mecklenburg-Vorpommern,205,215,420,4,6,10,209,221,430
2009,Rheinland-Pfalz,Sachsen,555,562,1117,53,31,84,608,593,1201
2009,Rheinland-Pfalz,Sachsen-Anhalt,293,266,559,36,17,53,329,283,612
2009,Rheinland-Pfalz,Thueringen,305,278,583,30,15,45,335,293,628
2009,Rheinland-Pfalz,Insgesamt,28517,29704,58221,4888,4278,9166,33405,33982,67387
2009,Baden-Wuerttemberg,Schleswig-Holstein,1247,1327,2574,140,130,270,1387,1457,2844
2009,Baden-Wuerttemberg,Hamburg,1255,1294,2549,216,190,406,1471,1484,2955
2009,Baden-Wuerttemberg,Niedersachsen,3171,3164,6335,598,480,1078,3769,3644,7413
2009,Baden-Wuerttemberg,Bremen,421,353,774,73,77,150,494,430,924
2009,Baden-Wuerttemberg,Nordrhein-Westfalen,7056,7046,14102,1807,1578,3385,8863,8624,17487
2009,Baden-Wuerttemberg,Hessen,6379,6405,12784,1671,1341,3012,8050,7746,15796
2009,Baden-Wuerttemberg,Rheinland-Pfalz,5573,5593,11166,1218,1105,2323,6791,6698,13489
2009,Baden-Wuerttemberg,Baden-Wuerttemberg,0,0,0,0,0,0,0,0,0
2009,Baden-Wuerttemberg,Bayern,14314,15080,29394,2691,2099,4790,17005,17179,34184
2009,Baden-Wuerttemberg,Saarland,599,624,1223,123,123,246,722,747,1469
2009,Baden-Wuerttemberg,Berlin,3339,3309,6648,587,532,1119,3926,3841,7767
2009,Baden-Wuerttemberg,Brandenburg,1082,1011,2093,97,70,167,1179,1081,2260
2009,Baden-Wuerttemberg,Mecklenburg-Vorpommern,612,579,1191,52,41,93,664,620,1284
2009,Baden-Wuerttemberg,Sachsen,2327,2107,4434,188,164,352,2515,2271,4786
2009,Baden-Wuerttemberg,Sachsen-Anhalt,913,860,1773,137,101,238,1050,961,2011
2009,Baden-Wuerttemberg,Thueringen,1212,1105,2317,125,82,207,1337,1187,2524
2009,Baden-Wuerttemberg,Insgesamt,49500,49857,99357,9723,8113,17836,59223,57970,117193
2009,Bayern,Schleswig-Holstein,1276,1358,2634,224,160,384,1500,1518,3018
2009,Bayern,Hamburg,1229,1344,2573,234,191,425,1463,1535,2998
2009,Bayern,Niedersachsen,3128,3021,6149,670,378,1048,3798,3399,7197
2009,Bayern,Bremen,372,332,704,86,57,143,458,389,847
2009,Bayern,Nordrhein-Westfalen,6554,6305,12859,1920,1347,3267,8474,7652,16126
2009,Bayern,Hessen,5372,5487,10859,1375,1051,2426,6747,6538,13285
2009,Bayern,Rheinland-Pfalz,2025,1981,4006,419,313,732,2444,2294,4738
2009,Bayern,Baden-Wuerttemberg,13163,13648,26811,2283,1863,4146,15446,15511,30957
2009,Bayern,Bayern,0,0,0,0,0,0,0,0,0
2009,Bayern,Saarland,370,381,751,61,71,132,431,452,883
2009,Bayern,Berlin,3542,3431,6973,624,561,1185,4166,3992,8158
2009,Bayern,Brandenburg,1236,1142,2378,75,49,124,1311,1191,2502
2009,Bayern,Mecklenburg-Vorpommern,603,550,1153,44,28,72,647,578,1225
2009,Bayern,Sachsen,3467,3312,6779,322,197,519,3789,3509,7298
2009,Bayern,Sachsen-Anhalt,1159,1061,2220,125,73,198,1284,1134,2418
2009,Bayern,Thueringen,2202,2213,4415,148,101,249,2350,2314,4664
2009,Bayern,Insgesamt,45698,45566,91264,8610,6440,15050,54308,52006,106314
2009,Saarland,Schleswig-Holstein,70,68,138,6,4,10,76,72,148
2009,Saarland,Hamburg,56,74,130,18,8,26,74,82,156
2009,Saarland,Niedersachsen,206,209,415,65,50,115,271,259,530
2009,Saarland,Bremen,28,19,47,25,12,37,53,31,84
2009,Saarland,Nordrhein-Westfalen,731,741,1472,209,182,391,940,923,1863
2009,Saarland,Hessen,488,514,1002,128,101,229,616,615,1231
2009,Saarland,Rheinland-Pfalz,2024,2064,4088,205,179,384,2229,2243,4472
2009,Saarland,Baden-Wuerttemberg,822,900,1722,249,175,424,1071,1075,2146
2009,Saarland,Bayern,476,448,924,147,122,269,623,570,1193
2009,Saarland,Saarland,0,0,0,0,0,0,0,0,0
2009,Saarland,Berlin,210,222,432,29,32,61,239,254,493
2009,Saarland,Brandenburg,42,60,102,10,5,15,52,65,117
2009,Saarland,Mecklenburg-Vorpommern,47,35,82,10,5,15,57,40,97
2009,Saarland,Sachsen,102,82,184,58,47,105,160,129,289
2009,Saarland,Sachsen-Anhalt,52,54,106,21,12,33,73,66,139
2009,Saarland,Thueringen,47,59,106,6,7,13,53,66,119
2009,Saarland,Insgesamt,5401,5549,10950,1186,941,2127,6587,6490,13077
2009,Berlin,Schleswig-Holstein,1114,1182,2296,104,79,183,1218,1261,2479
2009,Berlin,Hamburg,1166,1197,2363,197,208,405,1363,1405,2768
2009,Berlin,Niedersachsen,2314,2235,4549,295,287,582,2609,2522,5131
2009,Berlin,Bremen,267,314,581,41,49,90,308,363,671
2009,Berlin,Nordrhein-Westfalen,3199,3352,6551,664,550,1214,3863,3902,7765
2009,Berlin,Hessen,1441,1494,2935,372,269,641,1813,1763,3576
2009,Berlin,Rheinland-Pfalz,601,579,1180,103,86,189,704,665,1369
2009,Berlin,Baden-Wuerttemberg,2230,2206,4436,502,403,905,2732,2609,5341
2009,Berlin,Bayern,2827,2736,5563,543,464,1007,3370,3200,6570
2009,Berlin,Saarland,108,110,218,39,28,67,147,138,285
2009,Berlin,Berlin,0,0,0,0,0,0,0,0,0
2009,Berlin,Brandenburg,12675,12998,25673,746,702,1448,13421,13700,27121
2009,Berlin,Mecklenburg-Vorpommern,1287,1317,2604,148,86,234,1435,1403,2838
2009,Berlin,Sachsen,1261,1418,2679,226,166,392,1487,1584,3071
2009,Berlin,Sachsen-Anhalt,761,860,1621,202,141,343,963,1001,1964
2009,Berlin,Thueringen,521,575,1096,87,62,149,608,637,1245
2009,Berlin,Insgesamt,31772,32573,64345,4269,3580,7849,36041,36153,72194
2009,Brandenburg,Schleswig-Holstein,731,766,1497,35,17,52,766,783,1549
2009,Brandenburg,Hamburg,584,569,1153,35,24,59,619,593,1212
2009,Brandenburg,Niedersachsen,1473,1411,2884,81,65,146,1554,1476,3030
2009,Brandenburg,Bremen,118,133,251,15,8,23,133,141,274
2009,Brandenburg,Nordrhein-Westfalen,1519,1532,3051,163,102,265,1682,1634,3316
2009,Brandenburg,Hessen,679,695,1374,75,69,144,754,764,1518
2009,Brandenburg,Rheinland-Pfalz,353,322,675,19,23,42,372,345,717
2009,Brandenburg,Baden-Wuerttemberg,1290,1221,2511,84,68,152,1374,1289,2663
2009,Brandenburg,Bayern,1602,1412,3014,114,85,199,1716,1497,3213
2009,Brandenburg,Saarland,60,54,114,11,8,19,71,62,133
2009,Brandenburg,Berlin,11396,11533,22929,1044,957,2001,12440,12490,24930
2009,Brandenburg,Brandenburg,0,0,0,0,0,0,0,0,0
2009,Brandenburg,Mecklenburg-Vorpommern,1589,1788,3377,35,25,60,1624,1813,3437
2009,Brandenburg,Sachsen,2306,2438,4744,114,70,184,2420,2508,4928
2009,Brandenburg,Sachsen-Anhalt,1128,1192,2320,52,25,77,1180,1217,2397
2009,Brandenburg,Thueringen,501,524,1025,23,8,31,524,532,1056
2009,Brandenburg,Insgesamt,25329,25590,50919,1900,1554,3454,27229,27144,54373
2009,Mecklenburg-Vorpommern,Schleswig-Holstein,2546,2489,5035,96,60,156,2642,2549,5191
2009,Mecklenburg-Vorpommern,Hamburg,2161,2150,4311,292,178,470,2453,2328,4781
2009,Mecklenburg-Vorpommern,Niedersachsen,1906,1837,3743,179,91,270,2085,1928,4013
2009,Mecklenburg-Vorpommern,Bremen,232,244,476,25,18,43,257,262,519
2009,Mecklenburg-Vorpommern,Nordrhein-Westfalen,1210,1216,2426,194,128,322,1404,1344,2748
2009,Mecklenburg-Vorpommern,Hessen,415,419,834,67,31,98,482,450,932
2009,Mecklenburg-Vorpommern,Rheinland-Pfalz,231,192,423,30,19,49,261,211,472
2009,Mecklenburg-Vorpommern,Baden-Wuerttemberg,746,665,1411,80,47,127,826,712,1538
2009,Mecklenburg-Vorpommern,Bayern,777,680,1457,85,51,136,862,731,1593
2009,Mecklenburg-Vorpommern,Saarland,28,27,55,5,4,9,33,31,64
2009,Mecklenburg-Vorpommern,Berlin,2110,2125,4235,231,158,389,2341,2283,4624
2009,Mecklenburg-Vorpommern,Brandenburg,1318,1375,2693,44,43,87,1362,1418,2780
2009,Mecklenburg-Vorpommern,Mecklenburg-Vorpommern,0,0,0,0,0,0,0,0,0
2009,Mecklenburg-Vorpommern,Sachsen,695,789,1484,38,32,70,733,821,1554
2009,Mecklenburg-Vorpommern,Sachsen-Anhalt,444,454,898,18,12,30,462,466,928
2009,Mecklenburg-Vorpommern,Thueringen,285,355,640,17,12,29,302,367,669
2009,Mecklenburg-Vorpommern,Insgesamt,15104,15017,30121,1401,884,2285,16505,15901,32406
2009,Sachsen,Schleswig-Holstein,546,550,1096,48,37,85,594,587,1181
2009,Sachsen,Hamburg,505,497,1002,113,88,201,618,585,1203
2009,Sachsen,Niedersachsen,1492,1637,3129,228,144,372,1720,1781,3501
2009,Sachsen,Bremen,162,154,316,28,21,49,190,175,365
2009,Sachsen,Nordrhein-Westfalen,2124,2249,4373,589,349,938,2713,2598,5311
2009,Sachsen,Hessen,1465,1557,3022,238,160,398,1703,1717,3420
2009,Sachsen,Rheinland-Pfalz,583,594,1177,97,68,165,680,662,1342
2009,Sachsen,Baden-Wuerttemberg,2943,2899,5842,364,276,640,3307,3175,6482
2009,Sachsen,Bayern,4803,4536,9339,475,328,803,5278,4864,10142
2009,Sachsen,Saarland,91,81,172,15,6,21,106,87,193
2009,Sachsen,Berlin,2269,2464,4733,398,309,707,2667,2773,5440
2009,Sachsen,Brandenburg,1854,2023,3877,101,46,147,1955,2069,4024
2009,Sachsen,Mecklenburg-Vorpommern,661,815,1476,51,25,76,712,840,1552
2009,Sachsen,Sachsen,0,0,0,0,0,0,0,0,0
2009,Sachsen,Sachsen-Anhalt,2098,2331,4429,151,115,266,2249,2446,4695
2009,Sachsen,Thueringen,2103,2341,4444,146,79,225,2249,2420,4669
2009,Sachsen,Insgesamt,23699,24728,48427,3042,2051,5093,26741,26779,53520
2009,Sachsen-Anhalt,Schleswig-Holstein,500,534,1034,66,32,98,566,566,1132
2009,Sachsen-Anhalt,Hamburg,431,440,871,88,53,141,519,493,1012
2009,Sachsen-Anhalt,Niedersachsen,3618,3734,7352,334,200,534,3952,3934,7886
2009,Sachsen-Anhalt,Bremen,150,153,303,17,9,26,167,162,329
2009,Sachsen-Anhalt,Nordrhein-Westfalen,1664,1706,3370,430,287,717,2094,1993,4087
2009,Sachsen-Anhalt,Hessen,878,928,1806,139,98,237,1017,1026,2043
2009,Sachsen-Anhalt,Rheinland-Pfalz,352,355,707,68,33,101,420,388,808
2009,Sachsen-Anhalt,Baden-Wuerttemberg,1316,1256,2572,172,142,314,1488,1398,2886
2009,Sachsen-Anhalt,Bayern,1698,1565,3263,252,147,399,1950,1712,3662
2009,Sachsen-Anhalt,Saarland,65,50,115,16,7,23,81,57,138
2009,Sachsen-Anhalt,Berlin,1465,1667,3132,295,222,517,1760,1889,3649
2009,Sachsen-Anhalt,Brandenburg,1161,1257,2418,83,21,104,1244,1278,2522
2009,Sachsen-Anhalt,Mecklenburg-Vorpommern,569,654,1223,26,20,46,595,674,1269
2009,Sachsen-Anhalt,Sachsen,2932,3229,6161,182,126,308,3114,3355,6469
2009,Sachsen-Anhalt,Sachsen-Anhalt,0,0,0,0,0,0,0,0,0
2009,Sachsen-Anhalt,Thueringen,1390,1522,2912,50,43,93,1440,1565,3005
2009,Sachsen-Anhalt,Insgesamt,18189,19050,37239,2218,1440,3658,20407,20490,40897
2009,Thueringen,Schleswig-Holstein,271,342,613,27,15,42,298,357,655
2009,Thueringen,Hamburg,295,267,562,32,26,58,327,293,620
2009,Thueringen,Niedersachsen,1333,1381,2714,125,84,209,1458,1465,2923
2009,Thueringen,Bremen,83,94,177,14,13,27,97,107,204
2009,Thueringen,Nordrhein-Westfalen,1378,1505,2883,327,206,533,1705,1711,3416
2009,Thueringen,Hessen,1989,2190,4179,284,189,473,2273,2379,4652
2009,Thueringen,Rheinland-Pfalz,411,426,837,73,30,103,484,456,940
2009,Thueringen,Baden-Wuerttemberg,1643,1537,3180,177,141,318,1820,1678,3498
2009,Thueringen,Bayern,3199,3185,6384,244,167,411,3443,3352,6795
2009,Thueringen,Saarland,69,74,143,8,8,16,77,82,159
2009,Thueringen,Berlin,905,1000,1905,139,93,232,1044,1093,2137
2009,Thueringen,Brandenburg,426,491,917,53,13,66,479,504,983
2009,Thueringen,Mecklenburg-Vorpommern,333,350,683,15,11,26,348,361,709
2009,Thueringen,Sachsen,2777,2830,5607,124,94,218,2901,2924,5825
2009,Thueringen,Sachsen-Anhalt,1141,1310,2451,57,38,95,1198,1348,2546
2009,Thueringen,Thueringen,0,0,0,0,0,0,0,0,0
2009,Thueringen,Insgesamt,16253,16982,33235,1699,1128,2827,17952,18110,36062
2009,Insgesamt,Schleswig-Holstein,27292,28871,56163,2571,2203,4774,29863,31074,60937
2009,Insgesamt,Hamburg,26519,28130,54649,3852,3266,7118,30371,31396,61767
2009,Insgesamt,Niedersachsen,52041,53885,105926,6420,5114,11534,58461,58999,117460
2009,Insgesamt,Bremen,10475,10336,20811,1470,1262,2732,11945,11598,23543
2009,Insgesamt,Nordrhein-Westfalen,57047,59841,116888,12262,9898,22160,69309,69739,139048
2009,Insgesamt,Hessen,37947,39572,77519,8370,6860,15230,46317,46432,92749
2009,Insgesamt,Rheinland-Pfalz,27272,27964,55236,4752,3990,8742,32024,31954,63978
2009,Insgesamt,Baden-Wuerttemberg,50239,50868,101107,9280,7870,17150,59519,58738,118257
2009,Insgesamt,Bayern,52825,52509,105334,9313,7292,16605,62138,59801,121939
2009,Insgesamt,Saarland,4498,4647,9145,829,690,1519,5327,5337,10664
2009,Insgesamt,Berlin,39469,40340,79809,5647,5090,10737,45116,45430,90546
2009,Insgesamt,Brandenburg,24464,24890,49354,1588,1258,2846,26052,26148,52200
2009,Insgesamt,Mecklenburg-Vorpommern,11984,12198,24182,754,500,1254,12738,12698,25436
2009,Insgesamt,Sachsen,21699,21976,43675,1889,1374,3263,23588,23350,46938
2009,Insgesamt,Sachsen-Anhalt,12959,13417,26376,1253,833,2086,14212,14250,28462
2009,Insgesamt,Thueringen,12627,13079,25706,999,657,1656,13626,13736,27362
2009,Insgesamt,Insgesamt,469357,482523,951880,71249,58157,129406,540606,540680,1081286
2010,Schleswig-Holstein,Schleswig-Holstein,0,0,0,0,0,0,0,0,0
2010,Schleswig-Holstein,Hamburg,8199,8933,17132,927,863,1790,9126,9796,18922
2010,Schleswig-Holstein,Niedersachsen,3966,4026,7992,316,241,557,4282,4267,8549
2010,Schleswig-Holstein,Bremen,493,470,963,63,43,106,556,513,1069
2010,Schleswig-Holstein,Nordrhein-Westfalen,2472,2569,5041,294,237,531,2766,2806,5572
2010,Schleswig-Holstein,Hessen,896,903,1799,110,121,231,1006,1024,2030
2010,Schleswig-Holstein,Rheinland-Pfalz,389,440,829,42,22,64,431,462,893
2010,Schleswig-Holstein,Baden-Wuerttemberg,1120,1152,2272,151,141,292,1271,1293,2564
2010,Schleswig-Holstein,Bayern,1254,1229,2483,191,147,338,1445,1376,2821
2010,Schleswig-Holstein,Saarland,74,61,135,10,8,18,84,69,153
2010,Schleswig-Holstein,Berlin,1256,1338,2594,128,85,213,1384,1423,2807
2010,Schleswig-Holstein,Brandenburg,508,517,1025,22,19,41,530,536,1066
2010,Schleswig-Holstein,Mecklenburg-Vorpommern,1867,1929,3796,64,47,111,1931,1976,3907
2010,Schleswig-Holstein,Sachsen,421,448,869,37,32,69,458,480,938
2010,Schleswig-Holstein,Sachsen-Anhalt,329,350,679,12,4,16,341,354,695
2010,Schleswig-Holstein,Thueringen,233,200,433,16,11,27,249,211,460
2010,Schleswig-Holstein,Insgesamt,23477,24565,48042,2383,2021,4404,25860,26586,52446
2010,Hamburg,Schleswig-Holstein,9658,10455,20113,1048,959,2007,10706,11414,22120
2010,Hamburg,Hamburg,0,0,0,0,0,0,0,0,0
2010,Hamburg,Niedersachsen,5276,5503,10779,588,537,1125,5864,6040,11904
2010,Hamburg,Bremen,411,472,883,98,82,180,509,554,1063
2010,Hamburg,Nordrhein-Westfalen,1745,1883,3628,382,313,695,2127,2196,4323
2010,Hamburg,Hessen,749,731,1480,176,144,320,925,875,1800
2010,Hamburg,Rheinland-Pfalz,269,279,548,42,36,78,311,315,626
2010,Hamburg,Baden-Wuerttemberg,954,924,1878,178,146,324,1132,1070,2202
2010,Hamburg,Bayern,1055,1074,2129,236,180,416,1291,1254,2545
2010,Hamburg,Saarland,41,35,76,10,9,19,51,44,95
2010,Hamburg,Berlin,1521,1524,3045,224,201,425,1745,1725,3470
2010,Hamburg,Brandenburg,320,316,636,37,15,52,357,331,688
2010,Hamburg,Mecklenburg-Vorpommern,1063,1081,2144,65,30,95,1128,1111,2239
2010,Hamburg,Sachsen,308,315,623,45,31,76,353,346,699
2010,Hamburg,Sachsen-Anhalt,229,188,417,23,12,35,252,200,452
2010,Hamburg,Thueringen,172,168,340,14,10,24,186,178,364
2010,Hamburg,Insgesamt,23771,24948,48719,3166,2705,5871,26937,27653,54590
2010,Niedersachsen,Schleswig-Holstein,4122,4473,8595,304,299,603,4426,4772,9198
2010,Niedersachsen,Hamburg,5516,5999,11515,642,600,1242,6158,6599,12757
2010,Niedersachsen,Niedersachsen,0,0,0,0,0,0,0,0,0
2010,Niedersachsen,Bremen,5943,6020,11963,620,563,1183,6563,6583,13146
2010,Niedersachsen,Nordrhein-Westfalen,12534,13611,26145,2044,1903,3947,14578,15514,30092
2010,Niedersachsen,Hessen,3494,3665,7159,616,552,1168,4110,4217,8327
2010,Niedersachsen,Rheinland-Pfalz,1314,1442,2756,230,201,431,1544,1643,3187
2010,Niedersachsen,Baden-Wuerttemberg,3300,3364,6664,628,594,1222,3928,3958,7886
2010,Niedersachsen,Bayern,3510,3481,6991,678,540,1218,4188,4021,8209
2010,Niedersachsen,Saarland,200,230,430,53,43,96,253,273,526
2010,Niedersachsen,Berlin,2918,3008,5926,423,412,835,3341,3420,6761
2010,Niedersachsen,Brandenburg,1164,1052,2216,79,76,155,1243,1128,2371
2010,Niedersachsen,Mecklenburg-Vorpommern,1425,1414,2839,104,72,176,1529,1486,3015
2010,Niedersachsen,Sachsen,1342,1349,2691,185,118,303,1527,1467,2994
2010,Niedersachsen,Sachsen-Anhalt,2595,2606,5201,142,99,241,2737,2705,5442
2010,Niedersachsen,Thueringen,1085,1118,2203,101,79,180,1186,1197,2383
2010,Niedersachsen,Insgesamt,50462,52832,103294,6849,6151,13000,57311,58983,116294
2010,Bremen,Schleswig-Holstein,406,461,867,25,36,61,431,497,928
2010,Bremen,Hamburg,546,647,1193,140,120,260,686,767,1453
2010,Bremen,Niedersachsen,5619,5689,11308,549,503,1052,6168,6192,12360
2010,Bremen,Bremen,0,0,0,0,0,0,0,0,0
2010,Bremen,Nordrhein-Westfalen,834,910,1744,216,190,406,1050,1100,2150
2010,Bremen,Hessen,274,292,566,68,75,143,342,367,709
2010,Bremen,Rheinland-Pfalz,148,116,264,20,23,43,168,139,307
2010,Bremen,Baden-Wuerttemberg,365,337,702,102,59,161,467,396,863
2010,Bremen,Bayern,340,315,655,96,63,159,436,378,814
2010,Bremen,Saarland,20,23,43,7,5,12,27,28,55
2010,Bremen,Berlin,429,506,935,76,94,170,505,600,1105
2010,Bremen,Brandenburg,101,95,196,10,4,14,111,99,210
2010,Bremen,Mecklenburg-Vorpommern,130,138,268,18,6,24,148,144,292
2010,Bremen,Sachsen,131,137,268,18,13,31,149,150,299
2010,Bremen,Sachsen-Anhalt,86,102,188,10,4,14,96,106,202
2010,Bremen,Thueringen,59,59,118,7,9,16,66,68,134
2010,Bremen,Insgesamt,9488,9827,19315,1362,1204,2566,10850,11031,21881
2010,Nordrhein-Westfalen,Schleswig-Holstein,3030,3462,6492,324,288,612,3354,3750,7104
2010,Nordrhein-Westfalen,Hamburg,2930,3192,6122,529,390,919,3459,3582,7041
2010,Nordrhein-Westfalen,Niedersachsen,13147,14159,27306,1872,1444,3316,15019,15603,30622
2010,Nordrhein-Westfalen,Bremen,979,1029,2008,236,180,416,1215,1209,2424
2010,Nordrhein-Westfalen,Nordrhein-Westfalen,0,0,0,0,0,0,0,0,0
2010,Nordrhein-Westfalen,Hessen,7291,7574,14865,1845,1470,3315,9136,9044,18180
2010,Nordrhein-Westfalen,Rheinland-Pfalz,7087,7569,14656,1042,816,1858,8129,8385,16514
2010,Nordrhein-Westfalen,Baden-Wuerttemberg,7557,7763,15320,1780,1479,3259,9337,9242,18579
2010,Nordrhein-Westfalen,Bayern,7917,7777,15694,1932,1424,3356,9849,9201,19050
2010,Nordrhein-Westfalen,Saarland,588,632,1220,159,116,275,747,748,1495
2010,Nordrhein-Westfalen,Berlin,4895,5014,9909,824,727,1551,5719,5741,11460
2010,Nordrhein-Westfalen,Brandenburg,1418,1353,2771,128,103,231,1546,1456,3002
2010,Nordrhein-Westfalen,Mecklenburg-Vorpommern,1054,995,2049,77,59,136,1131,1054,2185
2010,Nordrhein-Westfalen,Sachsen,2002,1917,3919,250,181,431,2252,2098,4350
2010,Nordrhein-Westfalen,Sachsen-Anhalt,1251,1294,2545,143,93,236,1394,1387,2781
2010,Nordrhein-Westfalen,Thueringen,1138,1106,2244,129,70,199,1267,1176,2443
2010,Nordrhein-Westfalen,Insgesamt,62284,64836,127120,11270,8840,20110,73554,73676,147230
2010,Hessen,Schleswig-Holstein,1001,1136,2137,101,101,202,1102,1237,2339
2010,Hessen,Hamburg,1027,1188,2215,255,187,442,1282,1375,2657
2010,Hessen,Niedersachsen,3481,3636,7117,478,401,879,3959,4037,7996
2010,Hessen,Bremen,286,339,625,38,48,86,324,387,711
2010,Hessen,Nordrhein-Westfalen,6831,7380,14211,1604,1327,2931,8435,8707,17142
2010,Hessen,Hessen,0,0,0,0,0,0,0,0,0
2010,Hessen,Rheinland-Pfalz,5631,6251,11882,1095,939,2034,6726,7190,13916
2010,Hessen,Baden-Wuerttemberg,5979,6321,12300,1336,1183,2519,7315,7504,14819
2010,Hessen,Bayern,5906,5913,11819,1400,975,2375,7306,6888,14194
2010,Hessen,Saarland,363,369,732,107,85,192,470,454,924
2010,Hessen,Berlin,2127,2213,4340,373,334,707,2500,2547,5047
2010,Hessen,Brandenburg,547,565,1112,50,30,80,597,595,1192
2010,Hessen,Mecklenburg-Vorpommern,356,353,709,34,19,53,390,372,762
2010,Hessen,Sachsen,1164,1116,2280,135,83,218,1299,1199,2498
2010,Hessen,Sachsen-Anhalt,596,636,1232,73,34,107,669,670,1339
2010,Hessen,Thueringen,1295,1512,2807,106,66,172,1401,1578,2979
2010,Hessen,Insgesamt,36590,38928,75518,7185,5812,12997,43775,44740,88515
2010,Rheinland-Pfalz,Schleswig-Holstein,489,469,958,47,30,77,536,499,1035
2010,Rheinland-Pfalz,Hamburg,376,381,757,59,51,110,435,432,867
2010,Rheinland-Pfalz,Niedersachsen,1264,1331,2595,200,155,355,1464,1486,2950
2010,Rheinland-Pfalz,Bremen,150,117,267,31,29,60,181,146,327
2010,Rheinland-Pfalz,Nordrhein-Westfalen,7519,7900,15419,1204,1057,2261,8723,8957,17680
2010,Rheinland-Pfalz,Hessen,5969,6318,12287,1193,1088,2281,7162,7406,14568
2010,Rheinland-Pfalz,Rheinland-Pfalz,0,0,0,0,0,0,0,0,0
2010,Rheinland-Pfalz,Baden-Wuerttemberg,5717,5996,11713,1144,1045,2189,6861,7041,13902
2010,Rheinland-Pfalz,Bayern,2357,2348,4705,416,341,757,2773,2689,5462
2010,Rheinland-Pfalz,Saarland,1913,2075,3988,214,196,410,2127,2271,4398
2010,Rheinland-Pfalz,Berlin,940,985,1925,110,135,245,1050,1120,2170
2010,Rheinland-Pfalz,Brandenburg,296,335,631,17,14,31,313,349,662
2010,Rheinland-Pfalz,Mecklenburg-Vorpommern,196,179,375,9,9,18,205,188,393
2010,Rheinland-Pfalz,Sachsen,580,518,1098,83,29,112,663,547,1210
2010,Rheinland-Pfalz,Sachsen-Anhalt,298,292,590,28,8,36,326,300,626
2010,Rheinland-Pfalz,Thueringen,311,304,615,31,29,60,342,333,675
2010,Rheinland-Pfalz,Insgesamt,28375,29548,57923,4786,4216,9002,33161,33764,66925
2010,Baden-Wuerttemberg,Schleswig-Holstein,1274,1307,2581,124,117,241,1398,1424,2822
2010,Baden-Wuerttemberg,Hamburg,1369,1379,2748,242,210,452,1611,1589,3200
2010,Baden-Wuerttemberg,Niedersachsen,3110,3047,6157,509,479,988,3619,3526,7145
2010,Baden-Wuerttemberg,Bremen,376,340,716,106,75,181,482,415,897
2010,Baden-Wuerttemberg,Nordrhein-Westfalen,6623,7023,13646,1830,1538,3368,8453,8561,17014
2010,Baden-Wuerttemberg,Hessen,6301,6510,12811,1604,1434,3038,7905,7944,15849
2010,Baden-Wuerttemberg,Rheinland-Pfalz,5464,5831,11295,1267,1051,2318,6731,6882,13613
2010,Baden-Wuerttemberg,Baden-Wuerttemberg,0,0,0,0,0,0,0,0,0
2010,Baden-Wuerttemberg,Bayern,14569,14993,29562,2846,2335,5181,17415,17328,34743
2010,Baden-Wuerttemberg,Saarland,693,766,1459,156,147,303,849,913,1762
2010,Baden-Wuerttemberg,Berlin,3100,3097,6197,558,536,1094,3658,3633,7291
2010,Baden-Wuerttemberg,Brandenburg,1033,1038,2071,111,71,182,1144,1109,2253
2010,Baden-Wuerttemberg,Mecklenburg-Vorpommern,592,587,1179,57,42,99,649,629,1278
2010,Baden-Wuerttemberg,Sachsen,2259,2113,4372,206,123,329,2465,2236,4701
2010,Baden-Wuerttemberg,Sachsen-Anhalt,893,841,1734,81,72,153,974,913,1887
2010,Baden-Wuerttemberg,Thueringen,1144,1095,2239,154,85,239,1298,1180,2478
2010,Baden-Wuerttemberg,Insgesamt,48800,49967,98767,9851,8315,18166,58651,58282,116933
2010,Bayern,Schleswig-Holstein,1257,1300,2557,186,145,331,1443,1445,2888
2010,Bayern,Hamburg,1459,1392,2851,222,198,420,1681,1590,3271
2010,Bayern,Niedersachsen,3058,3079,6137,544,398,942,3602,3477,7079
2010,Bayern,Bremen,355,301,656,68,51,119,423,352,775
2010,Bayern,Nordrhein-Westfalen,6625,6599,13224,1785,1370,3155,8410,7969,16379
2010,Bayern,Hessen,5446,5423,10869,1467,1036,2503,6913,6459,13372
2010,Bayern,Rheinland-Pfalz,2013,2081,4094,366,286,652,2379,2367,4746
2010,Bayern,Baden-Wuerttemberg,13488,14141,27629,2432,1963,4395,15920,16104,32024
2010,Bayern,Bayern,0,0,0,0,0,0,0,0,0
2010,Bayern,Saarland,358,378,736,92,62,154,450,440,890
2010,Bayern,Berlin,3510,3537,7047,566,583,1149,4076,4120,8196
2010,Bayern,Brandenburg,1153,1055,2208,92,66,158,1245,1121,2366
2010,Bayern,Mecklenburg-Vorpommern,628,593,1221,41,40,81,669,633,1302
2010,Bayern,Sachsen,3533,3361,6894,315,192,507,3848,3553,7401
2010,Bayern,Sachsen-Anhalt,1129,1042,2171,85,63,148,1214,1105,2319
2010,Bayern,Thueringen,2234,2246,4480,161,100,261,2395,2346,4741
2010,Bayern,Insgesamt,46246,46528,92774,8422,6553,14975,54668,53081,107749
2010,Saarland,Schleswig-Holstein,85,89,174,11,10,21,96,99,195
2010,Saarland,Hamburg,72,81,153,17,15,32,89,96,185
2010,Saarland,Niedersachsen,194,203,397,50,36,86,244,239,483
2010,Saarland,Bremen,18,22,40,3,3,6,21,25,46
2010,Saarland,Nordrhein-Westfalen,722,743,1465,238,165,403,960,908,1868
2010,Saarland,Hessen,472,436,908,143,110,253,615,546,1161
2010,Saarland,Rheinland-Pfalz,2018,2231,4249,193,178,371,2211,2409,4620
2010,Saarland,Baden-Wuerttemberg,926,888,1814,184,164,348,1110,1052,2162
2010,Saarland,Bayern,474,470,944,132,81,213,606,551,1157
2010,Saarland,Saarland,0,0,0,0,0,0,0,0,0
2010,Saarland,Berlin,210,226,436,35,33,68,245,259,504
2010,Saarland,Brandenburg,48,60,108,6,9,15,54,69,123
2010,Saarland,Mecklenburg-Vorpommern,27,31,58,6,4,10,33,35,68
2010,Saarland,Sachsen,96,87,183,80,44,124,176,131,307
2010,Saarland,Sachsen-Anhalt,31,39,70,13,7,20,44,46,90
2010,Saarland,Thueringen,47,50,97,11,8,19,58,58,116
2010,Saarland,Insgesamt,5440,5656,11096,1122,867,1989,6562,6523,13085
2010,Berlin,Schleswig-Holstein,1085,1169,2254,128,95,223,1213,1264,2477
2010,Berlin,Hamburg,1103,1279,2382,220,192,412,1323,1471,2794
2010,Berlin,Niedersachsen,2160,2179,4339,314,235,549,2474,2414,4888
2010,Berlin,Bremen,271,302,573,41,60,101,312,362,674
2010,Berlin,Nordrhein-Westfalen,3054,3291,6345,708,578,1286,3762,3869,7631
2010,Berlin,Hessen,1493,1449,2942,346,256,602,1839,1705,3544
2010,Berlin,Rheinland-Pfalz,554,590,1144,89,98,187,643,688,1331
2010,Berlin,Baden-Wuerttemberg,2190,2225,4415,422,384,806,2612,2609,5221
2010,Berlin,Bayern,2652,2587,5239,521,482,1003,3173,3069,6242
2010,Berlin,Saarland,119,122,241,45,27,72,164,149,313
2010,Berlin,Berlin,0,0,0,0,0,0,0,0,0
2010,Berlin,Brandenburg,12099,12419,24518,677,658,1335,12776,13077,25853
2010,Berlin,Mecklenburg-Vorpommern,1239,1351,2590,117,95,212,1356,1446,2802
2010,Berlin,Sachsen,1345,1404,2749,250,196,446,1595,1600,3195
2010,Berlin,Sachsen-Anhalt,783,844,1627,177,106,283,960,950,1910
2010,Berlin,Thueringen,527,602,1129,86,78,164,613,680,1293
2010,Berlin,Insgesamt,30674,31813,62487,4141,3540,7681,34815,35353,70168
2010,Brandenburg,Schleswig-Holstein,688,687,1375,23,21,44,711,708,1419
2010,Brandenburg,Hamburg,559,540,1099,36,25,61,595,565,1160
2010,Brandenburg,Niedersachsen,1404,1275,2679,75,66,141,1479,1341,2820
2010,Brandenburg,Bremen,129,116,245,12,3,15,141,119,260
2010,Brandenburg,Nordrhein-Westfalen,1477,1400,2877,133,113,246,1610,1513,3123
2010,Brandenburg,Hessen,581,600,1181,59,49,108,640,649,1289
2010,Brandenburg,Rheinland-Pfalz,393,355,748,26,15,41,419,370,789
2010,Brandenburg,Baden-Wuerttemberg,1217,1048,2265,94,60,154,1311,1108,2419
2010,Brandenburg,Bayern,1378,1202,2580,100,85,185,1478,1287,2765
2010,Brandenburg,Saarland,53,49,102,6,6,12,59,55,114
2010,Brandenburg,Berlin,11031,11229,22260,970,885,1855,12001,12114,24115
2010,Brandenburg,Brandenburg,0,0,0,0,0,0,0,0,0
2010,Brandenburg,Mecklenburg-Vorpommern,1527,1727,3254,43,36,79,1570,1763,3333
2010,Brandenburg,Sachsen,2256,2379,4635,80,43,123,2336,2422,4758
2010,Brandenburg,Sachsen-Anhalt,1086,1143,2229,62,32,94,1148,1175,2323
2010,Brandenburg,Thueringen,472,513,985,15,16,31,487,529,1016
2010,Brandenburg,Insgesamt,24251,24263,48514,1734,1455,3189,25985,25718,51703
2010,Mecklenburg-Vorpommern,Schleswig-Holstein,2552,2427,4979,102,74,176,2654,2501,5155
2010,Mecklenburg-Vorpommern,Hamburg,1844,1763,3607,329,225,554,2173,1988,4161
2010,Mecklenburg-Vorpommern,Niedersachsen,1758,1631,3389,148,89,237,1906,1720,3626
2010,Mecklenburg-Vorpommern,Bremen,200,170,370,18,17,35,218,187,405
2010,Mecklenburg-Vorpommern,Nordrhein-Westfalen,1074,1004,2078,190,122,312,1264,1126,2390
2010,Mecklenburg-Vorpommern,Hessen,427,358,785,60,43,103,487,401,888
2010,Mecklenburg-Vorpommern,Rheinland-Pfalz,238,208,446,22,15,37,260,223,483
2010,Mecklenburg-Vorpommern,Baden-Wuerttemberg,648,606,1254,53,43,96,701,649,1350
2010,Mecklenburg-Vorpommern,Bayern,676,608,1284,79,75,154,755,683,1438
2010,Mecklenburg-Vorpommern,Saarland,29,30,59,7,4,11,36,34,70
2010,Mecklenburg-Vorpommern,Berlin,1948,1981,3929,199,153,352,2147,2134,4281
2010,Mecklenburg-Vorpommern,Brandenburg,1392,1414,2806,53,34,87,1445,1448,2893
2010,Mecklenburg-Vorpommern,Mecklenburg-Vorpommern,0,0,0,0,0,0,0,0,0
2010,Mecklenburg-Vorpommern,Sachsen,725,690,1415,41,24,65,766,714,1480
2010,Mecklenburg-Vorpommern,Sachsen-Anhalt,425,433,858,12,17,29,437,450,887
2010,Mecklenburg-Vorpommern,Thueringen,258,281,539,11,6,17,269,287,556
2010,Mecklenburg-Vorpommern,Insgesamt,14194,13604,27798,1324,941,2265,15518,14545,30063
2010,Sachsen,Schleswig-Holstein,502,531,1033,49,36,85,551,567,1118
2010,Sachsen,Hamburg,476,473,949,173,67,240,649,540,1189
2010,Sachsen,Niedersachsen,1458,1489,2947,194,126,320,1652,1615,3267
2010,Sachsen,Bremen,152,148,300,33,28,61,185,176,361
2010,Sachsen,Nordrhein-Westfalen,2043,2113,4156,529,342,871,2572,2455,5027
2010,Sachsen,Hessen,1365,1393,2758,279,190,469,1644,1583,3227
2010,Sachsen,Rheinland-Pfalz,625,552,1177,86,69,155,711,621,1332
2010,Sachsen,Baden-Wuerttemberg,2704,2521,5225,321,249,570,3025,2770,5795
2010,Sachsen,Bayern,4405,3992,8397,510,321,831,4915,4313,9228
2010,Sachsen,Saarland,100,95,195,22,11,33,122,106,228
2010,Sachsen,Berlin,2214,2530,4744,387,278,665,2601,2808,5409
2010,Sachsen,Brandenburg,1766,2031,3797,104,47,151,1870,2078,3948
2010,Sachsen,Mecklenburg-Vorpommern,688,810,1498,54,17,71,742,827,1569
2010,Sachsen,Sachsen,0,0,0,0,0,0,0,0,0
2010,Sachsen,Sachsen-Anhalt,2201,2368,4569,139,91,230,2340,2459,4799
2010,Sachsen,Thueringen,2190,2327,4517,141,75,216,2331,2402,4733
2010,Sachsen,Insgesamt,22889,23373,46262,3021,1947,4968,25910,25320,51230
2010,Sachsen-Anhalt,Schleswig-Holstein,474,467,941,47,26,73,521,493,1014
2010,Sachsen-Anhalt,Hamburg,352,465,817,78,45,123,430,510,940
2010,Sachsen-Anhalt,Niedersachsen,3450,3384,6834,212,170,382,3662,3554,7216
2010,Sachsen-Anhalt,Bremen,107,114,221,23,9,32,130,123,253
2010,Sachsen-Anhalt,Nordrhein-Westfalen,1493,1539,3032,282,201,483,1775,1740,3515
2010,Sachsen-Anhalt,Hessen,791,849,1640,158,96,254,949,945,1894
2010,Sachsen-Anhalt,Rheinland-Pfalz,334,344,678,58,31,89,392,375,767
2010,Sachsen-Anhalt,Baden-Wuerttemberg,1131,1019,2150,156,100,256,1287,1119,2406
2010,Sachsen-Anhalt,Bayern,1599,1445,3044,197,112,309,1796,1557,3353
2010,Sachsen-Anhalt,Saarland,62,56,118,16,11,27,78,67,145
2010,Sachsen-Anhalt,Berlin,1402,1537,2939,253,195,448,1655,1732,3387
2010,Sachsen-Anhalt,Brandenburg,1170,1290,2460,59,31,90,1229,1321,2550
2010,Sachsen-Anhalt,Mecklenburg-Vorpommern,548,628,1176,31,21,52,579,649,1228
2010,Sachsen-Anhalt,Sachsen,3056,3211,6267,185,147,332,3241,3358,6599
2010,Sachsen-Anhalt,Sachsen-Anhalt,0,0,0,0,0,0,0,0,0
2010,Sachsen-Anhalt,Thueringen,1335,1552,2887,64,34,98,1399,1586,2985
2010,Sachsen-Anhalt,Insgesamt,17304,17900,35204,1819,1229,3048,19123,19129,38252
2010,Thueringen,Schleswig-Holstein,348,288,636,26,16,42,374,304,678
2010,Thueringen,Hamburg,279,260,539,47,31,78,326,291,617
2010,Thueringen,Niedersachsen,1344,1317,2661,146,91,237,1490,1408,2898
2010,Thueringen,Bremen,106,83,189,11,9,20,117,92,209
2010,Thueringen,Nordrhein-Westfalen,1331,1350,2681,292,225,517,1623,1575,3198
2010,Thueringen,Hessen,1924,1970,3894,247,147,394,2171,2117,4288
2010,Thueringen,Rheinland-Pfalz,453,415,868,47,40,87,500,455,955
2010,Thueringen,Baden-Wuerttemberg,1446,1406,2852,160,123,283,1606,1529,3135
2010,Thueringen,Bayern,3064,2975,6039,244,190,434,3308,3165,6473
2010,Thueringen,Saarland,47,50,97,8,2,10,55,52,107
2010,Thueringen,Berlin,904,1022,1926,113,116,229,1017,1138,2155
2010,Thueringen,Brandenburg,469,506,975,13,20,33,482,526,1008
2010,Thueringen,Mecklenburg-Vorpommern,337,334,671,11,10,21,348,344,692
2010,Thueringen,Sachsen,2808,2832,5640,117,87,204,2925,2919,5844
2010,Thueringen,Sachsen-Anhalt,1231,1331,2562,57,24,81,1288,1355,2643
2010,Thueringen,Thueringen,0,0,0,0,0,0,0,0,0
2010,Thueringen,Insgesamt,16091,16139,32230,1539,1131,2670,17630,17270,34900
2010,Insgesamt,Schleswig-Holstein,26971,28721,55692,2545,2253,4798,29516,30974,60490
2010,Insgesamt,Hamburg,26107,27972,54079,3916,3219,7135,30023,31191,61214
2010,Insgesamt,Niedersachsen,50689,51948,102637,6195,4971,11166,56884,56919,113803
2010,Insgesamt,Bremen,9976,10043,20019,1401,1200,2601,11377,11243,22620
2010,Insgesamt,Nordrhein-Westfalen,56377,59315,115692,11731,9681,21412,68108,68996,137104
2010,Insgesamt,Hessen,37473,38471,75944,8371,6811,15182,45844,45282,91126
2010,Insgesamt,Rheinland-Pfalz,26930,28704,55634,4625,3820,8445,31555,32524,64079
2010,Insgesamt,Baden-Wuerttemberg,48742,49711,98453,9141,7733,16874,57883,57444,115327
2010,Insgesamt,Bayern,51156,50409,101565,9578,7351,16929,60734,57760,118494
2010,Insgesamt,Saarland,4660,4971,9631,912,732,1644,5572,5703,11275
2010,Insgesamt,Berlin,38405,39747,78152,5239,4767,10006,43644,44514,88158
2010,Insgesamt,Brandenburg,23484,24046,47530,1458,1197,2655,24942,25243,50185
2010,Insgesamt,Mecklenburg-Vorpommern,11677,12150,23827,731,507,1238,12408,12657,25065
2010,Insgesamt,Sachsen,22026,21877,43903,2027,1343,3370,24053,23220,47273
2010,Insgesamt,Sachsen-Anhalt,13163,13509,26672,1057,666,1723,14220,14175,28395
2010,Insgesamt,Thueringen,12500,13133,25633,1047,676,1723,13547,13809,27356
2010,Insgesamt,Insgesamt,460336,474727,935063,69974,56927,126901,530310,531654,1061964
2011,Schleswig-Holstein,Schleswig-Holstein,0,0,0,0,0,0,0,0,0
2011,Schleswig-Holstein,Hamburg,8423,8846,17269,957,964,1921,9380,9810,19190
2011,Schleswig-Holstein,Niedersachsen,4216,4387,8603,281,287,568,4497,4674,9171
2011,Schleswig-Holstein,Bremen,492,423,915,67,56,123,559,479,1038
2011,Schleswig-Holstein,Nordrhein-Westfalen,2610,2749,5359,337,285,622,2947,3034,5981
2011,Schleswig-Holstein,Hessen,927,986,1913,143,100,243,1070,1086,2156
2011,Schleswig-Holstein,Rheinland-Pfalz,446,392,838,48,42,90,494,434,928
2011,Schleswig-Holstein,Baden-Wuerttemberg,1280,1232,2512,157,127,284,1437,1359,2796
2011,Schleswig-Holstein,Bayern,1433,1354,2787,212,151,363,1645,1505,3150
2011,Schleswig-Holstein,Saarland,68,72,140,8,5,13,76,77,153
2011,Schleswig-Holstein,Berlin,1220,1320,2540,123,125,248,1343,1445,2788
2011,Schleswig-Holstein,Brandenburg,546,532,1078,33,25,58,579,557,1136
2011,Schleswig-Holstein,Mecklenburg-Vorpommern,2065,1978,4043,52,52,104,2117,2030,4147
2011,Schleswig-Holstein,Sachsen,472,457,929,38,32,70,510,489,999
2011,Schleswig-Holstein,Sachsen-Anhalt,402,408,810,23,9,32,425,417,842
2011,Schleswig-Holstein,Thueringen,269,259,528,17,12,29,286,271,557
2011,Schleswig-Holstein,Insgesamt,24869,25395,50264,2496,2272,4768,27365,27667,55032
2011,Hamburg,Schleswig-Holstein,10317,10936,21253,1136,1025,2161,11453,11961,23414
2011,Hamburg,Hamburg,0,0,0,0,0,0,0,0,0
2011,Hamburg,Niedersachsen,5679,5846,11525,630,536,1166,6309,6382,12691
2011,Hamburg,Bremen,405,462,867,126,85,211,531,547,1078
2011,Hamburg,Nordrhein-Westfalen,1960,2065,4025,470,283,753,2430,2348,4778
2011,Hamburg,Hessen,806,801,1607,214,138,352,1020,939,1959
2011,Hamburg,Rheinland-Pfalz,307,301,608,52,39,91,359,340,699
2011,Hamburg,Baden-Wuerttemberg,1100,1058,2158,239,168,407,1339,1226,2565
2011,Hamburg,Bayern,1258,1143,2401,351,233,584,1609,1376,2985
2011,Hamburg,Saarland,46,42,88,16,17,33,62,59,121
2011,Hamburg,Berlin,1546,1656,3202,230,201,431,1776,1857,3633
2011,Hamburg,Brandenburg,339,307,646,39,27,66,378,334,712
2011,Hamburg,Mecklenburg-Vorpommern,1072,1076,2148,48,38,86,1120,1114,2234
2011,Hamburg,Sachsen,352,350,702,43,33,76,395,383,778
2011,Hamburg,Sachsen-Anhalt,258,249,507,33,15,48,291,264,555
2011,Hamburg,Thueringen,164,158,322,24,9,33,188,167,355
2011,Hamburg,Insgesamt,25609,26450,52059,3651,2847,6498,29260,29297,58557
2011,Niedersachsen,Schleswig-Holstein,4284,4524,8808,281,284,565,4565,4808,9373
2011,Niedersachsen,Hamburg,5886,6254,12140,643,618,1261,6529,6872,13401
2011,Niedersachsen,Niedersachsen,0,0,0,0,0,0,0,0,0
2011,Niedersachsen,Bremen,5900,5981,11881,658,588,1246,6558,6569,13127
2011,Niedersachsen,Nordrhein-Westfalen,13827,15044,28871,2385,2037,4422,16212,17081,33293
2011,Niedersachsen,Hessen,3808,3830,7638,677,546,1223,4485,4376,8861
2011,Niedersachsen,Rheinland-Pfalz,1370,1372,2742,217,184,401,1587,1556,3143
2011,Niedersachsen,Baden-Wuerttemberg,3588,3560,7148,764,602,1366,4352,4162,8514
2011,Niedersachsen,Bayern,4006,3746,7752,767,606,1373,4773,4352,9125
2011,Niedersachsen,Saarland,221,226,447,62,43,105,283,269,552
2011,Niedersachsen,Berlin,2998,3234,6232,413,385,798,3411,3619,7030
2011,Niedersachsen,Brandenburg,1225,1160,2385,82,60,142,1307,1220,2527
2011,Niedersachsen,Mecklenburg-Vorpommern,1499,1447,2946,100,66,166,1599,1513,3112
2011,Niedersachsen,Sachsen,1618,1577,3195,145,103,248,1763,1680,3443
2011,Niedersachsen,Sachsen-Anhalt,2838,2750,5588,166,119,285,3004,2869,5873
2011,Niedersachsen,Thueringen,1156,1126,2282,97,65,162,1253,1191,2444
2011,Niedersachsen,Insgesamt,54224,55831,110055,7457,6306,13763,61681,62137,123818
2011,Bremen,Schleswig-Holstein,431,397,828,46,45,91,477,442,919
2011,Bremen,Hamburg,591,668,1259,178,128,306,769,796,1565
2011,Bremen,Niedersachsen,5879,5946,11825,612,495,1107,6491,6441,12932
2011,Bremen,Bremen,0,0,0,0,0,0,0,0,0
2011,Bremen,Nordrhein-Westfalen,935,1011,1946,276,203,479,1211,1214,2425
2011,Bremen,Hessen,322,339,661,83,60,143,405,399,804
2011,Bremen,Rheinland-Pfalz,138,102,240,24,23,47,162,125,287
2011,Bremen,Baden-Wuerttemberg,452,385,837,101,82,183,553,467,1020
2011,Bremen,Bayern,436,367,803,169,92,261,605,459,1064
2011,Bremen,Saarland,23,12,35,8,7,15,31,19,50
2011,Bremen,Berlin,450,452,902,69,64,133,519,516,1035
2011,Bremen,Brandenburg,99,82,181,5,3,8,104,85,189
2011,Bremen,Mecklenburg-Vorpommern,132,140,272,23,7,30,155,147,302
2011,Bremen,Sachsen,141,126,267,33,22,55,174,148,322
2011,Bremen,Sachsen-Anhalt,73,105,178,11,8,19,84,113,197
2011,Bremen,Thueringen,62,68,130,10,12,22,72,80,152
2011,Bremen,Insgesamt,10164,10200,20364,1648,1251,2899,11812,11451,23263
2011,Nordrhein-Westfalen,Schleswig-Holstein,2957,3182,6139,244,223,467,3201,3405,6606
2011,Nordrhein-Westfalen,Hamburg,3026,3294,6320,594,408,1002,3620,3702,7322
2011,Nordrhein-Westfalen,Niedersachsen,14065,14741,28806,2030,1592,3622,16095,16333,32428
2011,Nordrhein-Westfalen,Bremen,989,1001,1990,267,199,466,1256,1200,2456
2011,Nordrhein-Westfalen,Nordrhein-Westfalen,0,0,0,0,0,0,0,0,0
2011,Nordrhein-Westfalen,Hessen,8052,8253,16305,1956,1628,3584,10008,9881,19889
2011,Nordrhein-Westfalen,Rheinland-Pfalz,7371,7765,15136,1042,838,1880,8413,8603,17016
2011,Nordrhein-Westfalen,Baden-Wuerttemberg,8159,7926,16085,2051,1664,3715,10210,9590,19800
2011,Nordrhein-Westfalen,Bayern,8741,8234,16975,2171,1562,3733,10912,9796,20708
2011,Nordrhein-Westfalen,Saarland,667,679,1346,178,146,324,845,825,1670
2011,Nordrhein-Westfalen,Berlin,4888,5203,10091,861,743,1604,5749,5946,11695
2011,Nordrhein-Westfalen,Brandenburg,1419,1316,2735,116,78,194,1535,1394,2929
2011,Nordrhein-Westfalen,Mecklenburg-Vorpommern,1178,1129,2307,91,74,165,1269,1203,2472
2011,Nordrhein-Westfalen,Sachsen,2036,2076,4112,305,206,511,2341,2282,4623
2011,Nordrhein-Westfalen,Sachsen-Anhalt,1368,1289,2657,190,86,276,1558,1375,2933
2011,Nordrhein-Westfalen,Thueringen,1068,1037,2105,166,130,296,1234,1167,2401
2011,Nordrhein-Westfalen,Insgesamt,65984,67125,133109,12262,9577,21839,78246,76702,154948
2011,Hessen,Schleswig-Holstein,1095,1162,2257,110,100,210,1205,1262,2467
2011,Hessen,Hamburg,1056,1245,2301,270,178,448,1326,1423,2749
2011,Hessen,Niedersachsen,3653,3817,7470,559,397,956,4212,4214,8426
2011,Hessen,Bremen,297,321,618,64,60,124,361,381,742
2011,Hessen,Nordrhein-Westfalen,7277,7845,15122,1729,1395,3124,9006,9240,18246
2011,Hessen,Hessen,0,0,0,0,0,0,0,0,0
2011,Hessen,Rheinland-Pfalz,5978,6420,12398,1160,986,2146,7138,7406,14544
2011,Hessen,Baden-Wuerttemberg,6583,6754,13337,1554,1281,2835,8137,8035,16172
2011,Hessen,Bayern,6281,6212,12493,1630,1001,2631,7911,7213,15124
2011,Hessen,Saarland,381,417,798,109,91,200,490,508,998
2011,Hessen,Berlin,2113,2278,4391,391,338,729,2504,2616,5120
2011,Hessen,Brandenburg,556,589,1145,58,41,99,614,630,1244
2011,Hessen,Mecklenburg-Vorpommern,369,354,723,41,22,63,410,376,786
2011,Hessen,Sachsen,1244,1235,2479,159,110,269,1403,1345,2748
2011,Hessen,Sachsen-Anhalt,597,669,1266,81,54,135,678,723,1401
2011,Hessen,Thueringen,1491,1566,3057,139,95,234,1630,1661,3291
2011,Hessen,Insgesamt,38971,40884,79855,8054,6149,14203,47025,47033,94058
2011,Rheinland-Pfalz,Schleswig-Holstein,528,544,1072,49,39,88,577,583,1160
2011,Rheinland-Pfalz,Hamburg,372,390,762,60,57,117,432,447,879
2011,Rheinland-Pfalz,Niedersachsen,1333,1362,2695,172,153,325,1505,1515,3020
2011,Rheinland-Pfalz,Bremen,134,154,288,23,32,55,157,186,343
2011,Rheinland-Pfalz,Nordrhein-Westfalen,7686,8086,15772,1140,1030,2170,8826,9116,17942
2011,Rheinland-Pfalz,Hessen,6487,6777,13264,1344,1174,2518,7831,7951,15782
2011,Rheinland-Pfalz,Rheinland-Pfalz,0,0,0,0,0,0,0,0,0
2011,Rheinland-Pfalz,Baden-Wuerttemberg,6156,6313,12469,1286,1096,2382,7442,7409,14851
2011,Rheinland-Pfalz,Bayern,2451,2485,4936,501,394,895,2952,2879,5831
2011,Rheinland-Pfalz,Saarland,1927,2056,3983,225,203,428,2152,2259,4411
2011,Rheinland-Pfalz,Berlin,868,904,1772,127,120,247,995,1024,2019
2011,Rheinland-Pfalz,Brandenburg,310,303,613,26,17,43,336,320,656
2011,Rheinland-Pfalz,Mecklenburg-Vorpommern,189,200,389,19,11,30,208,211,419
2011,Rheinland-Pfalz,Sachsen,572,544,1116,66,44,110,638,588,1226
2011,Rheinland-Pfalz,Sachsen-Anhalt,288,270,558,31,21,52,319,291,610
2011,Rheinland-Pfalz,Thueringen,377,345,722,33,26,59,410,371,781
2011,Rheinland-Pfalz,Insgesamt,29678,30733,60411,5102,4417,9519,34780,35150,69930
2011,Baden-Wuerttemberg,Schleswig-Holstein,1259,1285,2544,137,136,273,1396,1421,2817
2011,Baden-Wuerttemberg,Hamburg,1412,1438,2850,242,223,465,1654,1661,3315
2011,Baden-Wuerttemberg,Niedersachsen,3112,3129,6241,572,452,1024,3684,3581,7265
2011,Baden-Wuerttemberg,Bremen,358,318,676,75,53,128,433,371,804
2011,Baden-Wuerttemberg,Nordrhein-Westfalen,7066,7179,14245,1909,1620,3529,8975,8799,17774
2011,Baden-Wuerttemberg,Hessen,6462,6722,13184,1881,1407,3288,8343,8129,16472
2011,Baden-Wuerttemberg,Rheinland-Pfalz,5879,5970,11849,1437,1183,2620,7316,7153,14469
2011,Baden-Wuerttemberg,Baden-Wuerttemberg,0,0,0,0,0,0,0,0,0
2011,Baden-Wuerttemberg,Bayern,15931,15817,31748,3299,2463,5762,19230,18280,37510
2011,Baden-Wuerttemberg,Saarland,687,755,1442,175,135,310,862,890,1752
2011,Baden-Wuerttemberg,Berlin,3315,3255,6570,550,549,1099,3865,3804,7669
2011,Baden-Wuerttemberg,Brandenburg,995,952,1947,95,45,140,1090,997,2087
2011,Baden-Wuerttemberg,Mecklenburg-Vorpommern,554,588,1142,43,35,78,597,623,1220
2011,Baden-Wuerttemberg,Sachsen,2370,2343,4713,208,156,364,2578,2499,5077
2011,Baden-Wuerttemberg,Sachsen-Anhalt,918,849,1767,116,74,190,1034,923,1957
2011,Baden-Wuerttemberg,Thueringen,1194,1148,2342,120,92,212,1314,1240,2554
2011,Baden-Wuerttemberg,Insgesamt,51512,51748,103260,10859,8623,19482,62371,60371,122742
2011,Bayern,Schleswig-Holstein,1339,1332,2671,207,175,382,1546,1507,3053
2011,Bayern,Hamburg,1398,1565,2963,273,202,475,1671,1767,3438
2011,Bayern,Niedersachsen,3147,3088,6235,650,386,1036,3797,3474,7271
2011,Bayern,Bremen,350,322,672,88,51,139,438,373,811
2011,Bayern,Nordrhein-Westfalen,6792,6554,13346,2048,1372,3420,8840,7926,16766
2011,Bayern,Hessen,5912,5783,11695,1505,1091,2596,7417,6874,14291
2011,Bayern,Rheinland-Pfalz,2026,2056,4082,414,300,714,2440,2356,4796
2011,Bayern,Baden-Wuerttemberg,14301,14695,28996,3011,2139,5150,17312,16834,34146
2011,Bayern,Bayern,0,0,0,0,0,0,0,0,0
2011,Bayern,Saarland,376,356,732,94,70,164,470,426,896
2011,Bayern,Berlin,3669,3541,7210,555,573,1128,4224,4114,8338
2011,Bayern,Brandenburg,1142,1083,2225,148,61,209,1290,1144,2434
2011,Bayern,Mecklenburg-Vorpommern,587,509,1096,57,32,89,644,541,1185
2011,Bayern,Sachsen,3808,3595,7403,322,193,515,4130,3788,7918
2011,Bayern,Sachsen-Anhalt,1103,1080,2183,124,64,188,1227,1144,2371
2011,Bayern,Thueringen,2299,2296,4595,235,128,363,2534,2424,4958
2011,Bayern,Insgesamt,48249,47855,96104,9731,6837,16568,57980,54692,112672
2011,Saarland,Schleswig-Holstein,84,104,188,5,10,15,89,114,203
2011,Saarland,Hamburg,71,83,154,6,7,13,77,90,167
2011,Saarland,Niedersachsen,229,224,453,47,39,86,276,263,539
2011,Saarland,Bremen,26,28,54,13,7,20,39,35,74
2011,Saarland,Nordrhein-Westfalen,765,796,1561,215,179,394,980,975,1955
2011,Saarland,Hessen,501,523,1024,136,123,259,637,646,1283
2011,Saarland,Rheinland-Pfalz,1982,2156,4138,200,180,380,2182,2336,4518
2011,Saarland,Baden-Wuerttemberg,900,977,1877,198,180,378,1098,1157,2255
2011,Saarland,Bayern,520,519,1039,195,124,319,715,643,1358
2011,Saarland,Saarland,0,0,0,0,0,0,0,0,0
2011,Saarland,Berlin,225,217,442,32,52,84,257,269,526
2011,Saarland,Brandenburg,57,48,105,5,8,13,62,56,118
2011,Saarland,Mecklenburg-Vorpommern,29,22,51,4,1,5,33,23,56
2011,Saarland,Sachsen,97,84,181,82,47,129,179,131,310
2011,Saarland,Sachsen-Anhalt,38,45,83,10,3,13,48,48,96
2011,Saarland,Thueringen,54,63,117,17,8,25,71,71,142
2011,Saarland,Insgesamt,5578,5889,11467,1165,968,2133,6743,6857,13600
2011,Berlin,Schleswig-Holstein,1045,1147,2192,125,90,215,1170,1237,2407
2011,Berlin,Hamburg,1070,1176,2246,229,193,422,1299,1369,2668
2011,Berlin,Niedersachsen,2330,2380,4710,324,267,591,2654,2647,5301
2011,Berlin,Bremen,318,278,596,64,64,128,382,342,724
2011,Berlin,Nordrhein-Westfalen,3237,3415,6652,816,640,1456,4053,4055,8108
2011,Berlin,Hessen,1490,1485,2975,369,359,728,1859,1844,3703
2011,Berlin,Rheinland-Pfalz,630,596,1226,119,98,217,749,694,1443
2011,Berlin,Baden-Wuerttemberg,2355,2259,4614,508,409,917,2863,2668,5531
2011,Berlin,Bayern,2951,2800,5751,647,562,1209,3598,3362,6960
2011,Berlin,Saarland,117,122,239,36,32,68,153,154,307
2011,Berlin,Berlin,0,0,0,0,0,0,0,0,0
2011,Berlin,Brandenburg,12253,12615,24868,755,666,1421,13008,13281,26289
2011,Berlin,Mecklenburg-Vorpommern,1385,1405,2790,140,87,227,1525,1492,3017
2011,Berlin,Sachsen,1488,1623,3111,279,193,472,1767,1816,3583
2011,Berlin,Sachsen-Anhalt,924,964,1888,230,125,355,1154,1089,2243
2011,Berlin,Thueringen,580,578,1158,78,67,145,658,645,1303
2011,Berlin,Insgesamt,32173,32843,65016,4719,3852,8571,36892,36695,73587
2011,Brandenburg,Schleswig-Holstein,657,650,1307,79,23,102,736,673,1409
2011,Brandenburg,Hamburg,506,514,1020,64,33,97,570,547,1117
2011,Brandenburg,Niedersachsen,1421,1318,2739,116,85,201,1537,1403,2940
2011,Brandenburg,Bremen,128,108,236,24,11,35,152,119,271
2011,Brandenburg,Nordrhein-Westfalen,1447,1379,2826,172,136,308,1619,1515,3134
2011,Brandenburg,Hessen,662,596,1258,77,54,131,739,650,1389
2011,Brandenburg,Rheinland-Pfalz,340,314,654,24,20,44,364,334,698
2011,Brandenburg,Baden-Wuerttemberg,1247,1149,2396,127,83,210,1374,1232,2606
2011,Brandenburg,Bayern,1415,1246,2661,144,79,223,1559,1325,2884
2011,Brandenburg,Saarland,47,54,101,6,3,9,53,57,110
2011,Brandenburg,Berlin,11149,10812,21961,987,896,1883,12136,11708,23844
2011,Brandenburg,Brandenburg,0,0,0,0,0,0,0,0,0
2011,Brandenburg,Mecklenburg-Vorpommern,1663,1691,3354,92,35,127,1755,1726,3481
2011,Brandenburg,Sachsen,2512,2387,4899,78,59,137,2590,2446,5036
2011,Brandenburg,Sachsen-Anhalt,1083,1116,2199,44,33,77,1127,1149,2276
2011,Brandenburg,Thueringen,532,532,1064,21,19,40,553,551,1104
2011,Brandenburg,Insgesamt,24809,23866,48675,2055,1569,3624,26864,25435,52299
2011,Mecklenburg-Vorpommern,Schleswig-Holstein,2432,2315,4747,102,73,175,2534,2388,4922
2011,Mecklenburg-Vorpommern,Hamburg,1754,1517,3271,345,272,617,2099,1789,3888
2011,Mecklenburg-Vorpommern,Niedersachsen,1842,1568,3410,129,102,231,1971,1670,3641
2011,Mecklenburg-Vorpommern,Bremen,166,196,362,28,19,47,194,215,409
2011,Mecklenburg-Vorpommern,Nordrhein-Westfalen,1156,1100,2256,180,107,287,1336,1207,2543
2011,Mecklenburg-Vorpommern,Hessen,426,400,826,63,39,102,489,439,928
2011,Mecklenburg-Vorpommern,Rheinland-Pfalz,226,225,451,17,24,41,243,249,492
2011,Mecklenburg-Vorpommern,Baden-Wuerttemberg,666,599,1265,90,72,162,756,671,1427
2011,Mecklenburg-Vorpommern,Bayern,765,646,1411,102,78,180,867,724,1591
2011,Mecklenburg-Vorpommern,Saarland,27,34,61,4,4,8,31,38,69
2011,Mecklenburg-Vorpommern,Berlin,1905,1901,3806,208,132,340,2113,2033,4146
2011,Mecklenburg-Vorpommern,Brandenburg,1410,1444,2854,42,38,80,1452,1482,2934
2011,Mecklenburg-Vorpommern,Mecklenburg-Vorpommern,0,0,0,0,0,0,0,0,0
2011,Mecklenburg-Vorpommern,Sachsen,841,821,1662,44,27,71,885,848,1733
2011,Mecklenburg-Vorpommern,Sachsen-Anhalt,452,467,919,25,14,39,477,481,958
2011,Mecklenburg-Vorpommern,Thueringen,316,303,619,22,6,28,338,309,647
2011,Mecklenburg-Vorpommern,Insgesamt,14384,13536,27920,1401,1007,2408,15785,14543,30328
2011,Sachsen,Schleswig-Holstein,563,561,1124,81,40,121,644,601,1245
2011,Sachsen,Hamburg,472,527,999,122,87,209,594,614,1208
2011,Sachsen,Niedersachsen,1522,1493,3015,216,121,337,1738,1614,3352
2011,Sachsen,Bremen,168,141,309,39,17,56,207,158,365
2011,Sachsen,Nordrhein-Westfalen,2054,2164,4218,595,341,936,2649,2505,5154
2011,Sachsen,Hessen,1430,1412,2842,293,188,481,1723,1600,3323
2011,Sachsen,Rheinland-Pfalz,600,571,1171,80,67,147,680,638,1318
2011,Sachsen,Baden-Wuerttemberg,2945,2586,5531,397,308,705,3342,2894,6236
2011,Sachsen,Bayern,4581,4032,8613,565,415,980,5146,4447,9593
2011,Sachsen,Saarland,90,70,160,16,16,32,106,86,192
2011,Sachsen,Berlin,2255,2545,4800,388,316,704,2643,2861,5504
2011,Sachsen,Brandenburg,1886,1989,3875,88,64,152,1974,2053,4027
2011,Sachsen,Mecklenburg-Vorpommern,666,821,1487,35,16,51,701,837,1538
2011,Sachsen,Sachsen,0,0,0,0,0,0,0,0,0
2011,Sachsen,Sachsen-Anhalt,2296,2339,4635,178,109,287,2474,2448,4922
2011,Sachsen,Thueringen,2306,2437,4743,112,82,194,2418,2519,4937
2011,Sachsen,Insgesamt,23834,23688,47522,3205,2187,5392,27039,25875,52914
2011,Sachsen-Anhalt,Schleswig-Holstein,441,453,894,40,35,75,481,488,969
2011,Sachsen-Anhalt,Hamburg,401,396,797,72,43,115,473,439,912
2011,Sachsen-Anhalt,Niedersachsen,3441,3406,6847,277,219,496,3718,3625,7343
2011,Sachsen-Anhalt,Bremen,133,114,247,14,17,31,147,131,278
2011,Sachsen-Anhalt,Nordrhein-Westfalen,1540,1574,3114,370,237,607,1910,1811,3721
2011,Sachsen-Anhalt,Hessen,810,874,1684,135,103,238,945,977,1922
2011,Sachsen-Anhalt,Rheinland-Pfalz,343,338,681,55,33,88,398,371,769
2011,Sachsen-Anhalt,Baden-Wuerttemberg,1169,1166,2335,176,116,292,1345,1282,2627
2011,Sachsen-Anhalt,Bayern,1743,1479,3222,248,151,399,1991,1630,3621
2011,Sachsen-Anhalt,Saarland,59,48,107,14,13,27,73,61,134
2011,Sachsen-Anhalt,Berlin,1461,1515,2976,230,191,421,1691,1706,3397
2011,Sachsen-Anhalt,Brandenburg,1118,1210,2328,61,34,95,1179,1244,2423
2011,Sachsen-Anhalt,Mecklenburg-Vorpommern,583,667,1250,16,16,32,599,683,1282
2011,Sachsen-Anhalt,Sachsen,3411,3367,6778,211,129,340,3622,3496,7118
2011,Sachsen-Anhalt,Sachsen-Anhalt,0,0,0,0,0,0,0,0,0
2011,Sachsen-Anhalt,Thueringen,1419,1630,3049,80,43,123,1499,1673,3172
2011,Sachsen-Anhalt,Insgesamt,18072,18237,36309,1999,1380,3379,20071,19617,39688
2011,Thueringen,Schleswig-Holstein,278,269,547,25,23,48,303,292,595
2011,Thueringen,Hamburg,285,236,521,47,31,78,332,267,599
2011,Thueringen,Niedersachsen,1445,1380,2825,141,98,239,1586,1478,3064
2011,Thueringen,Bremen,73,79,152,15,12,27,88,91,179
2011,Thueringen,Nordrhein-Westfalen,1354,1286,2640,311,245,556,1665,1531,3196
2011,Thueringen,Hessen,1878,1904,3782,282,191,473,2160,2095,4255
2011,Thueringen,Rheinland-Pfalz,400,394,794,47,37,84,447,431,878
2011,Thueringen,Baden-Wuerttemberg,1545,1371,2916,188,146,334,1733,1517,3250
2011,Thueringen,Bayern,3129,2863,5992,334,205,539,3463,3068,6531
2011,Thueringen,Saarland,70,71,141,12,15,27,82,86,168
2011,Thueringen,Berlin,923,992,1915,134,135,269,1057,1127,2184
2011,Thueringen,Brandenburg,447,509,956,27,15,42,474,524,998
2011,Thueringen,Mecklenburg-Vorpommern,340,355,695,18,14,32,358,369,727
2011,Thueringen,Sachsen,3140,3019,6159,145,107,252,3285,3126,6411
2011,Thueringen,Sachsen-Anhalt,1260,1336,2596,64,39,103,1324,1375,2699
2011,Thueringen,Thueringen,0,0,0,0,0,0,0,0,0
2011,Thueringen,Insgesamt,16567,16064,32631,1790,1313,3103,18357,17377,35734
2011,Insgesamt,Schleswig-Holstein,27710,28861,56571,2667,2321,4988,30377,31182,61559
2011,Insgesamt,Hamburg,26723,28149,54872,4102,3444,7546,30825,31593,62418
2011,Insgesamt,Niedersachsen,53314,54085,107399,6756,5229,11985,60070,59314,119384
2011,Insgesamt,Bremen,9937,9926,19863,1565,1271,2836,11502,11197,22699
2011,Insgesamt,Nordrhein-Westfalen,59706,62247,121953,12953,10110,23063,72659,72357,145016
2011,Insgesamt,Hessen,39973,40685,80658,9158,7201,16359,49131,47886,97017
2011,Insgesamt,Rheinland-Pfalz,28036,28972,57008,4936,4054,8990,32972,33026,65998
2011,Insgesamt,Baden-Wuerttemberg,52446,52030,104476,10847,8473,19320,63293,60503,123796
2011,Insgesamt,Bayern,55641,52943,108584,11335,8116,19451,66976,61059,128035
2011,Insgesamt,Saarland,4806,5014,9820,963,800,1763,5769,5814,11583
2011,Insgesamt,Berlin,38985,39825,78810,5298,4820,10118,44283,44645,88928
2011,Insgesamt,Brandenburg,23802,24139,47941,1580,1182,2762,25382,25321,50703
2011,Insgesamt,Mecklenburg-Vorpommern,12311,12382,24693,779,506,1285,13090,12888,25978
2011,Insgesamt,Sachsen,24102,23604,47706,2158,1461,3619,26260,25065,51325
2011,Insgesamt,Sachsen-Anhalt,13898,13936,27834,1326,773,2099,15224,14709,29933
2011,Insgesamt,Thueringen,13287,13546,26833,1171,794,1965,14458,14340,28798
2011,Insgesamt,Insgesamt,484677,490344,975021,77594,60555,138149,562271,550899,1113170
2012,Schleswig-Holstein,Schleswig-Holstein,0,0,0,0,0,0,0,0,0
2012,Schleswig-Holstein,Hamburg,8345,9098,17443,1031,833,1864,9376,9931,19307
2012,Schleswig-Holstein,Niedersachsen,4314,4531,8845,382,273,655,4696,4804,9500
2012,Schleswig-Holstein,Bremen,458,471,929,101,55,156,559,526,1085
2012,Schleswig-Holstein,Nordrhein-Westfalen,2479,2572,5051,412,316,728,2891,2888,5779
2012,Schleswig-Holstein,Hessen,882,921,1803,140,93,233,1022,1014,2036
2012,Schleswig-Holstein,Rheinland-Pfalz,467,442,909,54,50,104,521,492,1013
2012,Schleswig-Holstein,Baden-Wuerttemberg,1296,1204,2500,191,164,355,1487,1368,2855
2012,Schleswig-Holstein,Bayern,1390,1261,2651,253,168,421,1643,1429,3072
2012,Schleswig-Holstein,Saarland,58,66,124,15,11,26,73,77,150
2012,Schleswig-Holstein,Berlin,1321,1323,2644,142,111,253,1463,1434,2897
2012,Schleswig-Holstein,Brandenburg,560,539,1099,26,16,42,586,555,1141
2012,Schleswig-Holstein,Mecklenburg-Vorpommern,2045,1977,4022,58,51,109,2103,2028,4131
2012,Schleswig-Holstein,Sachsen,506,451,957,50,18,68,556,469,1025
2012,Schleswig-Holstein,Sachsen-Anhalt,337,366,703,25,15,40,362,381,743
2012,Schleswig-Holstein,Thueringen,233,248,481,24,19,43,257,267,524
2012,Schleswig-Holstein,Insgesamt,24691,25470,50161,2904,2193,5097,27595,27663,55258
2012,Hamburg,Schleswig-Holstein,10043,10695,20738,1301,1075,2376,11344,11770,23114
2012,Hamburg,Hamburg,0,0,0,0,0,0,0,0,0
2012,Hamburg,Niedersachsen,5729,5921,11650,691,586,1277,6420,6507,12927
2012,Hamburg,Bremen,444,427,871,121,112,233,565,539,1104
2012,Hamburg,Nordrhein-Westfalen,1916,1987,3903,490,295,785,2406,2282,4688
2012,Hamburg,Hessen,759,751,1510,251,162,413,1010,913,1923
2012,Hamburg,Rheinland-Pfalz,279,287,566,49,56,105,328,343,671
2012,Hamburg,Baden-Wuerttemberg,1033,1025,2058,246,178,424,1279,1203,2482
2012,Hamburg,Bayern,1212,1262,2474,352,218,570,1564,1480,3044
2012,Hamburg,Saarland,44,44,88,13,11,24,57,55,112
2012,Hamburg,Berlin,1505,1583,3088,305,221,526,1810,1804,3614
2012,Hamburg,Brandenburg,391,360,751,41,22,63,432,382,814
2012,Hamburg,Mecklenburg-Vorpommern,1035,1003,2038,53,40,93,1088,1043,2131
2012,Hamburg,Sachsen,370,381,751,66,37,103,436,418,854
2012,Hamburg,Sachsen-Anhalt,225,245,470,40,18,58,265,263,528
2012,Hamburg,Thueringen,145,169,314,23,13,36,168,182,350
2012,Hamburg,Insgesamt,25130,26140,51270,4042,3044,7086,29172,29184,58356
2012,Niedersachsen,Schleswig-Holstein,4159,4419,8578,343,286,629,4502,4705,9207
2012,Niedersachsen,Hamburg,5664,6148,11812,723,597,1320,6387,6745,13132
2012,Niedersachsen,Niedersachsen,0,0,0,0,0,0,0,0,0
2012,Niedersachsen,Bremen,5931,5904,11835,700,650,1350,6631,6554,13185
2012,Niedersachsen,Nordrhein-Westfalen,12619,13686,26305,2528,2028,4556,15147,15714,30861
2012,Niedersachsen,Hessen,3368,3650,7018,688,585,1273,4056,4235,8291
2012,Niedersachsen,Rheinland-Pfalz,1190,1253,2443,224,218,442,1414,1471,2885
2012,Niedersachsen,Baden-Wuerttemberg,3353,3347,6700,791,689,1480,4144,4036,8180
2012,Niedersachsen,Bayern,3751,3594,7345,887,618,1505,4638,4212,8850
2012,Niedersachsen,Saarland,181,186,367,56,45,101,237,231,468
2012,Niedersachsen,Berlin,2929,3301,6230,433,389,822,3362,3690,7052
2012,Niedersachsen,Brandenburg,1089,1061,2150,90,62,152,1179,1123,2302
2012,Niedersachsen,Mecklenburg-Vorpommern,1442,1398,2840,140,73,213,1582,1471,3053
2012,Niedersachsen,Sachsen,1490,1540,3030,184,134,318,1674,1674,3348
2012,Niedersachsen,Sachsen-Anhalt,2766,2778,5544,198,150,348,2964,2928,5892
2012,Niedersachsen,Thueringen,1125,1112,2237,138,96,234,1263,1208,2471
2012,Niedersachsen,Insgesamt,51057,53377,104434,8123,6620,14743,59180,59997,119177
2012,Bremen,Schleswig-Holstein,387,438,825,51,33,84,438,471,909
2012,Bremen,Hamburg,560,643,1203,173,110,283,733,753,1486
2012,Bremen,Niedersachsen,5877,6068,11945,602,511,1113,6479,6579,13058
2012,Bremen,Bremen,0,0,0,0,0,0,0,0,0
2012,Bremen,Nordrhein-Westfalen,872,947,1819,235,208,443,1107,1155,2262
2012,Bremen,Hessen,300,254,554,64,67,131,364,321,685
2012,Bremen,Rheinland-Pfalz,113,117,230,32,31,63,145,148,293
2012,Bremen,Baden-Wuerttemberg,436,376,812,132,74,206,568,450,1018
2012,Bremen,Bayern,476,444,920,146,102,248,622,546,1168
2012,Bremen,Saarland,21,29,50,7,6,13,28,35,63
2012,Bremen,Berlin,451,432,883,77,83,160,528,515,1043
2012,Bremen,Brandenburg,77,92,169,14,4,18,91,96,187
2012,Bremen,Mecklenburg-Vorpommern,138,159,297,18,5,23,156,164,320
2012,Bremen,Sachsen,164,136,300,26,23,49,190,159,349
2012,Bremen,Sachsen-Anhalt,88,88,176,12,11,23,100,99,199
2012,Bremen,Thueringen,59,68,127,6,7,13,65,75,140
2012,Bremen,Insgesamt,10019,10291,20310,1595,1275,2870,11614,11566,23180
2012,Nordrhein-Westfalen,Schleswig-Holstein,2929,3215,6144,317,276,593,3246,3491,6737
2012,Nordrhein-Westfalen,Hamburg,2864,3178,6042,603,467,1070,3467,3645,7112
2012,Nordrhein-Westfalen,Niedersachsen,13798,15067,28865,2179,1679,3858,15977,16746,32723
2012,Nordrhein-Westfalen,Bremen,1005,1102,2107,227,200,427,1232,1302,2534
2012,Nordrhein-Westfalen,Nordrhein-Westfalen,0,0,0,0,0,0,0,0,0
2012,Nordrhein-Westfalen,Hessen,7315,7692,15007,2023,1595,3618,9338,9287,18625
2012,Nordrhein-Westfalen,Rheinland-Pfalz,7396,7818,15214,1204,926,2130,8600,8744,17344
2012,Nordrhein-Westfalen,Baden-Wuerttemberg,8268,8219,16487,2268,1800,4068,10536,10019,20555
2012,Nordrhein-Westfalen,Bayern,8372,8248,16620,2324,1655,3979,10696,9903,20599
2012,Nordrhein-Westfalen,Saarland,631,641,1272,212,147,359,843,788,1631
2012,Nordrhein-Westfalen,Berlin,4917,5110,10027,860,772,1632,5777,5882,11659
2012,Nordrhein-Westfalen,Brandenburg,1315,1362,2677,119,80,199,1434,1442,2876
2012,Nordrhein-Westfalen,Mecklenburg-Vorpommern,1045,1072,2117,151,72,223,1196,1144,2340
2012,Nordrhein-Westfalen,Sachsen,2069,2046,4115,299,199,498,2368,2245,4613
2012,Nordrhein-Westfalen,Sachsen-Anhalt,1263,1219,2482,193,117,310,1456,1336,2792
2012,Nordrhein-Westfalen,Thueringen,1127,1110,2237,192,124,316,1319,1234,2553
2012,Nordrhein-Westfalen,Insgesamt,64314,67099,131413,13171,10109,23280,77485,77208,154693
2012,Hessen,Schleswig-Holstein,1015,1202,2217,122,73,195,1137,1275,2412
2012,Hessen,Hamburg,1109,1144,2253,226,182,408,1335,1326,2661
2012,Hessen,Niedersachsen,3606,3976,7582,529,418,947,4135,4394,8529
2012,Hessen,Bremen,311,300,611,82,62,144,393,362,755
2012,Hessen,Nordrhein-Westfalen,6904,7484,14388,1861,1456,3317,8765,8940,17705
2012,Hessen,Hessen,0,0,0,0,0,0,0,0,0
2012,Hessen,Rheinland-Pfalz,6006,6354,12360,1308,1046,2354,7314,7400,14714
2012,Hessen,Baden-Wuerttemberg,6623,6815,13438,1829,1405,3234,8452,8220,16672
2012,Hessen,Bayern,6388,6252,12640,1861,1193,3054,8249,7445,15694
2012,Hessen,Saarland,401,419,820,140,102,242,541,521,1062
2012,Hessen,Berlin,2120,2230,4350,452,398,850,2572,2628,5200
2012,Hessen,Brandenburg,571,564,1135,51,45,96,622,609,1231
2012,Hessen,Mecklenburg-Vorpommern,395,378,773,44,33,77,439,411,850
2012,Hessen,Sachsen,1283,1340,2623,178,132,310,1461,1472,2933
2012,Hessen,Sachsen-Anhalt,558,625,1183,101,37,138,659,662,1321
2012,Hessen,Thueringen,1393,1503,2896,154,94,248,1547,1597,3144
2012,Hessen,Insgesamt,38683,40586,79269,8938,6676,15614,47621,47262,94883
2012,Rheinland-Pfalz,Schleswig-Holstein,466,521,987,57,59,116,523,580,1103
2012,Rheinland-Pfalz,Hamburg,377,436,813,64,58,122,441,494,935
2012,Rheinland-Pfalz,Niedersachsen,1303,1354,2657,189,159,348,1492,1513,3005
2012,Rheinland-Pfalz,Bremen,139,109,248,27,37,64,166,146,312
2012,Rheinland-Pfalz,Nordrhein-Westfalen,7444,8030,15474,1154,1001,2155,8598,9031,17629
2012,Rheinland-Pfalz,Hessen,5936,6444,12380,1388,1151,2539,7324,7595,14919
2012,Rheinland-Pfalz,Rheinland-Pfalz,0,0,0,0,0,0,0,0,0
2012,Rheinland-Pfalz,Baden-Wuerttemberg,6314,6207,12521,1456,1191,2647,7770,7398,15168
2012,Rheinland-Pfalz,Bayern,2468,2413,4881,606,404,1010,3074,2817,5891
2012,Rheinland-Pfalz,Saarland,1866,2064,3930,291,209,500,2157,2273,4430
2012,Rheinland-Pfalz,Berlin,884,958,1842,124,132,256,1008,1090,2098
2012,Rheinland-Pfalz,Brandenburg,344,319,663,22,21,43,366,340,706
2012,Rheinland-Pfalz,Mecklenburg-Vorpommern,199,196,395,8,11,19,207,207,414
2012,Rheinland-Pfalz,Sachsen,585,557,1142,88,60,148,673,617,1290
2012,Rheinland-Pfalz,Sachsen-Anhalt,276,249,525,29,16,45,305,265,570
2012,Rheinland-Pfalz,Thueringen,319,350,669,35,28,63,354,378,732
2012,Rheinland-Pfalz,Insgesamt,28920,30207,59127,5538,4537,10075,34458,34744,69202
2012,Baden-Wuerttemberg,Schleswig-Holstein,1119,1286,2405,131,114,245,1250,1400,2650
2012,Baden-Wuerttemberg,Hamburg,1385,1493,2878,250,220,470,1635,1713,3348
2012,Baden-Wuerttemberg,Niedersachsen,3160,3092,6252,678,457,1135,3838,3549,7387
2012,Baden-Wuerttemberg,Bremen,359,294,653,129,78,207,488,372,860
2012,Baden-Wuerttemberg,Nordrhein-Westfalen,6790,6997,13787,2138,1682,3820,8928,8679,17607
2012,Baden-Wuerttemberg,Hessen,6217,6573,12790,1924,1482,3406,8141,8055,16196
2012,Baden-Wuerttemberg,Rheinland-Pfalz,5684,6025,11709,1625,1276,2901,7309,7301,14610
2012,Baden-Wuerttemberg,Baden-Wuerttemberg,0,0,0,0,0,0,0,0,0
2012,Baden-Wuerttemberg,Bayern,15304,15713,31017,3871,2539,6410,19175,18252,37427
2012,Baden-Wuerttemberg,Saarland,658,712,1370,183,167,350,841,879,1720
2012,Baden-Wuerttemberg,Berlin,3231,3438,6669,646,567,1213,3877,4005,7882
2012,Baden-Wuerttemberg,Brandenburg,983,927,1910,81,61,142,1064,988,2052
2012,Baden-Wuerttemberg,Mecklenburg-Vorpommern,542,528,1070,53,46,99,595,574,1169
2012,Baden-Wuerttemberg,Sachsen,2360,2156,4516,281,185,466,2641,2341,4982
2012,Baden-Wuerttemberg,Sachsen-Anhalt,824,825,1649,124,77,201,948,902,1850
2012,Baden-Wuerttemberg,Thueringen,1126,1093,2219,184,110,294,1310,1203,2513
2012,Baden-Wuerttemberg,Insgesamt,49742,51152,100894,12298,9061,21359,62040,60213,122253
2012,Bayern,Schleswig-Holstein,1253,1309,2562,231,202,433,1484,1511,2995
2012,Bayern,Hamburg,1391,1522,2913,327,192,519,1718,1714,3432
2012,Bayern,Niedersachsen,3136,3066,6202,755,495,1250,3891,3561,7452
2012,Bayern,Bremen,353,330,683,118,62,180,471,392,863
2012,Bayern,Nordrhein-Westfalen,6426,6334,12760,2154,1486,3640,8580,7820,16400
2012,Bayern,Hessen,5296,5341,10637,1625,1094,2719,6921,6435,13356
2012,Bayern,Rheinland-Pfalz,2013,2049,4062,468,363,831,2481,2412,4893
2012,Bayern,Baden-Wuerttemberg,13713,14357,28070,3541,2412,5953,17254,16769,34023
2012,Bayern,Bayern,0,0,0,0,0,0,0,0,0
2012,Bayern,Saarland,353,329,682,120,84,204,473,413,886
2012,Bayern,Berlin,3509,3530,7039,704,617,1321,4213,4147,8360
2012,Bayern,Brandenburg,1161,1043,2204,149,57,206,1310,1100,2410
2012,Bayern,Mecklenburg-Vorpommern,550,500,1050,61,29,90,611,529,1140
2012,Bayern,Sachsen,3626,3511,7137,385,213,598,4011,3724,7735
2012,Bayern,Sachsen-Anhalt,1090,1007,2097,133,74,207,1223,1081,2304
2012,Bayern,Thueringen,2302,2339,4641,223,152,375,2525,2491,5016
2012,Bayern,Insgesamt,46172,46567,92739,10994,7532,18526,57166,54099,111265
2012,Saarland,Schleswig-Holstein,79,111,190,11,9,20,90,120,210
2012,Saarland,Hamburg,89,93,182,19,16,35,108,109,217
2012,Saarland,Niedersachsen,216,258,474,63,42,105,279,300,579
2012,Saarland,Bremen,20,29,49,9,9,18,29,38,67
2012,Saarland,Nordrhein-Westfalen,719,780,1499,213,157,370,932,937,1869
2012,Saarland,Hessen,447,506,953,191,114,305,638,620,1258
2012,Saarland,Rheinland-Pfalz,1919,2170,4089,235,231,466,2154,2401,4555
2012,Saarland,Baden-Wuerttemberg,895,996,1891,298,210,508,1193,1206,2399
2012,Saarland,Bayern,483,488,971,162,122,284,645,610,1255
2012,Saarland,Saarland,0,0,0,0,0,0,0,0,0
2012,Saarland,Berlin,212,205,417,33,31,64,245,236,481
2012,Saarland,Brandenburg,51,38,89,8,7,15,59,45,104
2012,Saarland,Mecklenburg-Vorpommern,32,28,60,4,7,11,36,35,71
2012,Saarland,Sachsen,113,80,193,73,35,108,186,115,301
2012,Saarland,Sachsen-Anhalt,38,36,74,12,3,15,50,39,89
2012,Saarland,Thueringen,51,59,110,10,8,18,61,67,128
2012,Saarland,Insgesamt,5364,5877,11241,1341,1001,2342,6705,6878,13583
2012,Berlin,Schleswig-Holstein,1081,1155,2236,166,98,264,1247,1253,2500
2012,Berlin,Hamburg,1105,1238,2343,273,232,505,1378,1470,2848
2012,Berlin,Niedersachsen,2232,2413,4645,390,319,709,2622,2732,5354
2012,Berlin,Bremen,280,288,568,78,57,135,358,345,703
2012,Berlin,Nordrhein-Westfalen,3139,3277,6416,924,708,1632,4063,3985,8048
2012,Berlin,Hessen,1406,1445,2851,461,364,825,1867,1809,3676
2012,Berlin,Rheinland-Pfalz,577,582,1159,118,101,219,695,683,1378
2012,Berlin,Baden-Wuerttemberg,2517,2412,4929,636,530,1166,3153,2942,6095
2012,Berlin,Bayern,2968,2838,5806,711,619,1330,3679,3457,7136
2012,Berlin,Saarland,128,110,238,41,30,71,169,140,309
2012,Berlin,Berlin,0,0,0,0,0,0,0,0,0
2012,Berlin,Brandenburg,12602,12614,25216,928,759,1687,13530,13373,26903
2012,Berlin,Mecklenburg-Vorpommern,1313,1346,2659,149,86,235,1462,1432,2894
2012,Berlin,Sachsen,1563,1689,3252,352,220,572,1915,1909,3824
2012,Berlin,Sachsen-Anhalt,885,990,1875,218,179,397,1103,1169,2272
2012,Berlin,Thueringen,573,627,1200,99,100,199,672,727,1399
2012,Berlin,Insgesamt,32369,33024,65393,5544,4402,9946,37913,37426,75339
2012,Brandenburg,Schleswig-Holstein,651,590,1241,40,39,79,691,629,1320
2012,Brandenburg,Hamburg,457,403,860,71,47,118,528,450,978
2012,Brandenburg,Niedersachsen,1329,1236,2565,115,77,192,1444,1313,2757
2012,Brandenburg,Bremen,115,106,221,13,9,22,128,115,243
2012,Brandenburg,Nordrhein-Westfalen,1286,1272,2558,175,121,296,1461,1393,2854
2012,Brandenburg,Hessen,548,510,1058,92,61,153,640,571,1211
2012,Brandenburg,Rheinland-Pfalz,337,304,641,22,26,48,359,330,689
2012,Brandenburg,Baden-Wuerttemberg,1118,967,2085,153,71,224,1271,1038,2309
2012,Brandenburg,Bayern,1438,1210,2648,124,93,217,1562,1303,2865
2012,Brandenburg,Saarland,52,45,97,7,4,11,59,49,108
2012,Brandenburg,Berlin,10605,10185,20790,1101,960,2061,11706,11145,22851
2012,Brandenburg,Brandenburg,0,0,0,0,0,0,0,0,0
2012,Brandenburg,Mecklenburg-Vorpommern,1462,1594,3056,58,36,94,1520,1630,3150
2012,Brandenburg,Sachsen,2426,2478,4904,118,72,190,2544,2550,5094
2012,Brandenburg,Sachsen-Anhalt,1054,1142,2196,74,46,120,1128,1188,2316
2012,Brandenburg,Thueringen,426,464,890,34,22,56,460,486,946
2012,Brandenburg,Insgesamt,23304,22506,45810,2197,1684,3881,25501,24190,49691
2012,Mecklenburg-Vorpommern,Schleswig-Holstein,2251,2131,4382,96,77,173,2347,2208,4555
2012,Mecklenburg-Vorpommern,Hamburg,1575,1431,3006,559,399,958,2134,1830,3964
2012,Mecklenburg-Vorpommern,Niedersachsen,1820,1614,3434,164,132,296,1984,1746,3730
2012,Mecklenburg-Vorpommern,Bremen,163,163,326,10,16,26,173,179,352
2012,Mecklenburg-Vorpommern,Nordrhein-Westfalen,1036,1015,2051,212,131,343,1248,1146,2394
2012,Mecklenburg-Vorpommern,Hessen,379,341,720,78,39,117,457,380,837
2012,Mecklenburg-Vorpommern,Rheinland-Pfalz,232,198,430,23,13,36,255,211,466
2012,Mecklenburg-Vorpommern,Baden-Wuerttemberg,682,580,1262,86,68,154,768,648,1416
2012,Mecklenburg-Vorpommern,Bayern,722,590,1312,158,66,224,880,656,1536
2012,Mecklenburg-Vorpommern,Saarland,30,33,63,4,4,8,34,37,71
2012,Mecklenburg-Vorpommern,Berlin,1820,1761,3581,171,142,313,1991,1903,3894
2012,Mecklenburg-Vorpommern,Brandenburg,1328,1373,2701,79,43,122,1407,1416,2823
2012,Mecklenburg-Vorpommern,Mecklenburg-Vorpommern,0,0,0,0,0,0,0,0,0
2012,Mecklenburg-Vorpommern,Sachsen,783,796,1579,51,40,91,834,836,1670
2012,Mecklenburg-Vorpommern,Sachsen-Anhalt,460,473,933,37,15,52,497,488,985
2012,Mecklenburg-Vorpommern,Thueringen,265,305,570,21,12,33,286,317,603
2012,Mecklenburg-Vorpommern,Insgesamt,13546,12804,26350,1749,1197,2946,15295,14001,29296
2012,Sachsen,Schleswig-Holstein,472,456,928,61,35,96,533,491,1024
2012,Sachsen,Hamburg,438,450,888,81,71,152,519,521,1040
2012,Sachsen,Niedersachsen,1414,1343,2757,256,171,427,1670,1514,3184
2012,Sachsen,Bremen,115,112,227,37,31,68,152,143,295
2012,Sachsen,Nordrhein-Westfalen,1815,1818,3633,584,325,909,2399,2143,4542
2012,Sachsen,Hessen,1219,1201,2420,277,197,474,1496,1398,2894
2012,Sachsen,Rheinland-Pfalz,529,492,1021,103,51,154,632,543,1175
2012,Sachsen,Baden-Wuerttemberg,2460,2223,4683,372,245,617,2832,2468,5300
2012,Sachsen,Bayern,4157,3621,7778,512,365,877,4669,3986,8655
2012,Sachsen,Saarland,77,80,157,31,17,48,108,97,205
2012,Sachsen,Berlin,1985,2269,4254,454,320,774,2439,2589,5028
2012,Sachsen,Brandenburg,1798,1991,3789,105,70,175,1903,2061,3964
2012,Sachsen,Mecklenburg-Vorpommern,650,735,1385,39,28,67,689,763,1452
2012,Sachsen,Sachsen,0,0,0,0,0,0,0,0,0
2012,Sachsen,Sachsen-Anhalt,2200,2316,4516,157,94,251,2357,2410,4767
2012,Sachsen,Thueringen,2262,2283,4545,149,107,256,2411,2390,4801
2012,Sachsen,Insgesamt,21591,21390,42981,3218,2127,5345,24809,23517,48326
2012,Sachsen-Anhalt,Schleswig-Holstein,409,425,834,54,30,84,463,455,918
2012,Sachsen-Anhalt,Hamburg,375,370,745,99,44,143,474,414,888
2012,Sachsen-Anhalt,Niedersachsen,3365,3170,6535,343,262,605,3708,3432,7140
2012,Sachsen-Anhalt,Bremen,120,95,215,18,16,34,138,111,249
2012,Sachsen-Anhalt,Nordrhein-Westfalen,1300,1324,2624,400,260,660,1700,1584,3284
2012,Sachsen-Anhalt,Hessen,781,734,1515,144,82,226,925,816,1741
2012,Sachsen-Anhalt,Rheinland-Pfalz,326,306,632,41,31,72,367,337,704
2012,Sachsen-Anhalt,Baden-Wuerttemberg,1127,1067,2194,217,153,370,1344,1220,2564
2012,Sachsen-Anhalt,Bayern,1433,1250,2683,248,140,388,1681,1390,3071
2012,Sachsen-Anhalt,Saarland,43,48,91,12,11,23,55,59,114
2012,Sachsen-Anhalt,Berlin,1340,1498,2838,291,210,501,1631,1708,3339
2012,Sachsen-Anhalt,Brandenburg,1090,1251,2341,63,44,107,1153,1295,2448
2012,Sachsen-Anhalt,Mecklenburg-Vorpommern,559,561,1120,25,14,39,584,575,1159
2012,Sachsen-Anhalt,Sachsen,3327,3389,6716,246,177,423,3573,3566,7139
2012,Sachsen-Anhalt,Sachsen-Anhalt,0,0,0,0,0,0,0,0,0
2012,Sachsen-Anhalt,Thueringen,1369,1425,2794,78,41,119,1447,1466,2913
2012,Sachsen-Anhalt,Insgesamt,16964,16913,33877,2279,1515,3794,19243,18428,37671
2012,Thueringen,Schleswig-Holstein,288,291,579,22,29,51,310,320,630
2012,Thueringen,Hamburg,249,248,497,47,42,89,296,290,586
2012,Thueringen,Niedersachsen,1367,1341,2708,160,117,277,1527,1458,2985
2012,Thueringen,Bremen,72,90,162,17,16,33,89,106,195
2012,Thueringen,Nordrhein-Westfalen,1247,1154,2401,363,248,611,1610,1402,3012
2012,Thueringen,Hessen,1718,1811,3529,260,175,435,1978,1986,3964
2012,Thueringen,Rheinland-Pfalz,363,396,759,82,49,131,445,445,890
2012,Thueringen,Baden-Wuerttemberg,1409,1293,2702,236,159,395,1645,1452,3097
2012,Thueringen,Bayern,3103,2809,5912,337,239,576,3440,3048,6488
2012,Thueringen,Saarland,52,64,116,15,13,28,67,77,144
2012,Thueringen,Berlin,884,950,1834,136,105,241,1020,1055,2075
2012,Thueringen,Brandenburg,444,504,948,23,11,34,467,515,982
2012,Thueringen,Mecklenburg-Vorpommern,312,317,629,17,13,30,329,330,659
2012,Thueringen,Sachsen,3005,3068,6073,135,111,246,3140,3179,6319
2012,Thueringen,Sachsen-Anhalt,1299,1315,2614,66,43,109,1365,1358,2723
2012,Thueringen,Thueringen,0,0,0,0,0,0,0,0,0
2012,Thueringen,Insgesamt,15812,15651,31463,1916,1370,3286,17728,17021,34749
2012,Insgesamt,Schleswig-Holstein,26602,28244,54846,3003,2435,5438,29605,30679,60284
2012,Insgesamt,Hamburg,25983,27895,53878,4546,3510,8056,30529,31405,61934
2012,Insgesamt,Niedersachsen,52666,54450,107116,7496,5698,13194,60162,60148,120310
2012,Insgesamt,Bremen,9885,9820,19705,1687,1410,3097,11572,11230,22802
2012,Insgesamt,Nordrhein-Westfalen,55992,58677,114669,13843,10422,24265,69835,69099,138934
2012,Insgesamt,Hessen,36571,38174,74745,9606,7261,16867,46177,45435,91612
2012,Insgesamt,Rheinland-Pfalz,27431,28793,56224,5588,4468,10056,33019,33261,66280
2012,Insgesamt,Baden-Wuerttemberg,51244,51088,102332,12452,9349,21801,63696,60437,124133
2012,Insgesamt,Bayern,53665,51993,105658,12552,8541,21093,66217,60534,126751
2012,Insgesamt,Saarland,4595,4870,9465,1147,861,2008,5742,5731,11473
2012,Insgesamt,Berlin,37713,38773,76486,5929,5058,10987,43642,43831,87473
2012,Insgesamt,Brandenburg,23804,24038,47842,1799,1302,3101,25603,25340,50943
2012,Insgesamt,Mecklenburg-Vorpommern,11719,11792,23511,878,544,1422,12597,12336,24933
2012,Insgesamt,Sachsen,23670,23618,47288,2532,1656,4188,26202,25274,51476
2012,Insgesamt,Sachsen-Anhalt,13363,13674,27037,1419,895,2314,14782,14569,29351
2012,Insgesamt,Thueringen,12775,13155,25930,1370,933,2303,14145,14088,28233
2012,Insgesamt,Insgesamt,467678,479054,946732,85847,64343,150190,553525,543397,1096922
2013,Schleswig-Holstein,Schleswig-Holstein,0,0,0,0,0,0,0,0,0
2013,Schleswig-Holstein,Hamburg,8399,8852,17251,1202,1085,2287,9601,9937,19538
2013,Schleswig-Holstein,Niedersachsen,4278,4419,8697,440,275,715,4718,4694,9412
2013,Schleswig-Holstein,Bremen,434,450,884,58,46,104,492,496,988
2013,Schleswig-Holstein,Nordrhein-Westfalen,2479,2523,5002,437,357,794,2916,2880,5796
2013,Schleswig-Holstein,Hessen,848,890,1738,121,119,240,969,1009,1978
2013,Schleswig-Holstein,Rheinland-Pfalz,437,435,872,66,58,124,503,493,996
2013,Schleswig-Holstein,Baden-Wuerttemberg,1285,1333,2618,203,193,396,1488,1526,3014
2013,Schleswig-Holstein,Bayern,1343,1239,2582,269,182,451,1612,1421,3033
2013,Schleswig-Holstein,Saarland,71,82,153,5,5,10,76,87,163
2013,Schleswig-Holstein,Berlin,1132,1306,2438,145,140,285,1277,1446,2723
2013,Schleswig-Holstein,Brandenburg,556,565,1121,35,23,58,591,588,1179
2013,Schleswig-Holstein,Mecklenburg-Vorpommern,2022,1999,4021,86,57,143,2108,2056,4164
2013,Schleswig-Holstein,Sachsen,520,497,1017,43,24,67,563,521,1084
2013,Schleswig-Holstein,Sachsen-Anhalt,376,369,745,42,22,64,418,391,809
2013,Schleswig-Holstein,Thueringen,218,230,448,19,22,41,237,252,489
2013,Schleswig-Holstein,Insgesamt,24398,25189,49587,3171,2608,5779,27569,27797,55366
2013,Hamburg,Schleswig-Holstein,10510,10992,21502,1481,1174,2655,11991,12166,24157
2013,Hamburg,Hamburg,0,0,0,0,0,0,0,0,0
2013,Hamburg,Niedersachsen,5787,6137,11924,779,584,1363,6566,6721,13287
2013,Hamburg,Bremen,416,481,897,134,80,214,550,561,1111
2013,Hamburg,Nordrhein-Westfalen,1864,2013,3877,456,352,808,2320,2365,4685
2013,Hamburg,Hessen,765,812,1577,181,162,343,946,974,1920
2013,Hamburg,Rheinland-Pfalz,277,306,583,59,36,95,336,342,678
2013,Hamburg,Baden-Wuerttemberg,1026,1030,2056,295,185,480,1321,1215,2536
2013,Hamburg,Bayern,1246,1255,2501,348,242,590,1594,1497,3091
2013,Hamburg,Saarland,49,49,98,13,12,25,62,61,123
2013,Hamburg,Berlin,1467,1541,3008,313,230,543,1780,1771,3551
2013,Hamburg,Brandenburg,318,301,619,31,22,53,349,323,672
2013,Hamburg,Mecklenburg-Vorpommern,1009,1013,2022,68,56,124,1077,1069,2146
2013,Hamburg,Sachsen,367,401,768,58,32,90,425,433,858
2013,Hamburg,Sachsen-Anhalt,257,224,481,38,21,59,295,245,540
2013,Hamburg,Thueringen,168,138,306,21,16,37,189,154,343
2013,Hamburg,Insgesamt,25526,26693,52219,4275,3204,7479,29801,29897,59698
2013,Niedersachsen,Schleswig-Holstein,4250,4457,8707,425,325,750,4675,4782,9457
2013,Niedersachsen,Hamburg,5742,6257,11999,812,674,1486,6554,6931,13485
2013,Niedersachsen,Niedersachsen,0,0,0,0,0,0,0,0,0
2013,Niedersachsen,Bremen,5922,5945,11867,787,665,1452,6709,6610,13319
2013,Niedersachsen,Nordrhein-Westfalen,12764,13963,26727,2773,2188,4961,15537,16151,31688
2013,Niedersachsen,Hessen,3204,3528,6732,727,634,1361,3931,4162,8093
2013,Niedersachsen,Rheinland-Pfalz,1220,1241,2461,257,226,483,1477,1467,2944
2013,Niedersachsen,Baden-Wuerttemberg,3240,3305,6545,1023,785,1808,4263,4090,8353
2013,Niedersachsen,Bayern,3705,3503,7208,1107,751,1858,4812,4254,9066
2013,Niedersachsen,Saarland,206,210,416,85,51,136,291,261,552
2013,Niedersachsen,Berlin,2859,2974,5833,445,390,835,3304,3364,6668
2013,Niedersachsen,Brandenburg,1092,1010,2102,126,63,189,1218,1073,2291
2013,Niedersachsen,Mecklenburg-Vorpommern,1367,1362,2729,169,65,234,1536,1427,2963
2013,Niedersachsen,Sachsen,1447,1421,2868,248,152,400,1695,1573,3268
2013,Niedersachsen,Sachsen-Anhalt,2600,2635,5235,200,131,331,2800,2766,5566
2013,Niedersachsen,Thueringen,1066,1119,2185,145,98,243,1211,1217,2428
2013,Niedersachsen,Insgesamt,50684,52930,103614,9329,7198,16527,60013,60128,120141
2013,Bremen,Schleswig-Holstein,361,355,716,86,46,132,447,401,848
2013,Bremen,Hamburg,547,627,1174,148,147,295,695,774,1469
2013,Bremen,Niedersachsen,6016,6486,12502,659,562,1221,6675,7048,13723
2013,Bremen,Bremen,0,0,0,0,0,0,0,0,0
2013,Bremen,Nordrhein-Westfalen,892,994,1886,259,209,468,1151,1203,2354
2013,Bremen,Hessen,283,277,560,93,74,167,376,351,727
2013,Bremen,Rheinland-Pfalz,135,115,250,26,30,56,161,145,306
2013,Bremen,Baden-Wuerttemberg,351,329,680,103,79,182,454,408,862
2013,Bremen,Bayern,419,367,786,171,115,286,590,482,1072
2013,Bremen,Saarland,18,22,40,8,2,10,26,24,50
2013,Bremen,Berlin,376,414,790,92,99,191,468,513,981
2013,Bremen,Brandenburg,94,95,189,15,13,28,109,108,217
2013,Bremen,Mecklenburg-Vorpommern,116,139,255,8,10,18,124,149,273
2013,Bremen,Sachsen,154,140,294,27,21,48,181,161,342
2013,Bremen,Sachsen-Anhalt,104,89,193,15,16,31,119,105,224
2013,Bremen,Thueringen,79,81,160,11,11,22,90,92,182
2013,Bremen,Insgesamt,9945,10530,20475,1721,1434,3155,11666,11964,23630
2013,Nordrhein-Westfalen,Schleswig-Holstein,3056,3415,6471,417,295,712,3473,3710,7183
2013,Nordrhein-Westfalen,Hamburg,2969,3286,6255,665,456,1121,3634,3742,7376
2013,Nordrhein-Westfalen,Niedersachsen,14246,15199,29445,2618,1734,4352,16864,16933,33797
2013,Nordrhein-Westfalen,Bremen,1053,1111,2164,277,243,520,1330,1354,2684
2013,Nordrhein-Westfalen,Nordrhein-Westfalen,0,0,0,0,0,0,0,0,0
2013,Nordrhein-Westfalen,Hessen,7466,7921,15387,2268,1684,3952,9734,9605,19339
2013,Nordrhein-Westfalen,Rheinland-Pfalz,7662,7817,15479,1330,974,2304,8992,8791,17783
2013,Nordrhein-Westfalen,Baden-Wuerttemberg,7927,7920,15847,2663,1870,4533,10590,9790,20380
2013,Nordrhein-Westfalen,Bayern,8333,7856,16189,2708,1736,4444,11041,9592,20633
2013,Nordrhein-Westfalen,Saarland,636,647,1283,205,132,337,841,779,1620
2013,Nordrhein-Westfalen,Berlin,4700,4977,9677,1111,862,1973,5811,5839,11650
2013,Nordrhein-Westfalen,Brandenburg,1333,1329,2662,164,90,254,1497,1419,2916
2013,Nordrhein-Westfalen,Mecklenburg-Vorpommern,1039,1134,2173,145,72,217,1184,1206,2390
2013,Nordrhein-Westfalen,Sachsen,2204,2129,4333,381,210,591,2585,2339,4924
2013,Nordrhein-Westfalen,Sachsen-Anhalt,1366,1254,2620,288,124,412,1654,1378,3032
2013,Nordrhein-Westfalen,Thueringen,1152,1131,2283,251,125,376,1403,1256,2659
2013,Nordrhein-Westfalen,Insgesamt,65142,67126,132268,15491,10607,26098,80633,77733,158366
2013,Hessen,Schleswig-Holstein,1106,1209,2315,154,133,287,1260,1342,2602
2013,Hessen,Hamburg,1070,1129,2199,194,176,370,1264,1305,2569
2013,Hessen,Niedersachsen,3724,3864,7588,631,480,1111,4355,4344,8699
2013,Hessen,Bremen,319,276,595,78,52,130,397,328,725
2013,Hessen,Nordrhein-Westfalen,6930,7607,14537,2060,1515,3575,8990,9122,18112
2013,Hessen,Hessen,0,0,0,0,0,0,0,0,0
2013,Hessen,Rheinland-Pfalz,6089,6578,12667,1363,1059,2422,7452,7637,15089
2013,Hessen,Baden-Wuerttemberg,6524,6767,13291,2121,1372,3493,8645,8139,16784
2013,Hessen,Bayern,6245,6302,12547,1853,1276,3129,8098,7578,15676
2013,Hessen,Saarland,382,427,809,116,120,236,498,547,1045
2013,Hessen,Berlin,2109,2217,4326,500,448,948,2609,2665,5274
2013,Hessen,Brandenburg,551,554,1105,65,40,105,616,594,1210
2013,Hessen,Mecklenburg-Vorpommern,368,413,781,48,29,77,416,442,858
2013,Hessen,Sachsen,1165,1259,2424,197,113,310,1362,1372,2734
2013,Hessen,Sachsen-Anhalt,632,629,1261,94,49,143,726,678,1404
2013,Hessen,Thueringen,1388,1534,2922,148,87,235,1536,1621,3157
2013,Hessen,Insgesamt,38602,40765,79367,9622,6949,16571,48224,47714,95938
2013,Rheinland-Pfalz,Schleswig-Holstein,515,547,1062,55,46,101,570,593,1163
2013,Rheinland-Pfalz,Hamburg,407,471,878,65,65,130,472,536,1008
2013,Rheinland-Pfalz,Niedersachsen,1328,1313,2641,279,204,483,1607,1517,3124
2013,Rheinland-Pfalz,Bremen,116,125,241,22,26,48,138,151,289
2013,Rheinland-Pfalz,Nordrhein-Westfalen,7395,7937,15332,1347,1111,2458,8742,9048,17790
2013,Rheinland-Pfalz,Hessen,6261,6659,12920,1450,1245,2695,7711,7904,15615
2013,Rheinland-Pfalz,Rheinland-Pfalz,0,0,0,0,0,0,0,0,0
2013,Rheinland-Pfalz,Baden-Wuerttemberg,6072,6319,12391,1605,1312,2917,7677,7631,15308
2013,Rheinland-Pfalz,Bayern,2452,2438,4890,578,439,1017,3030,2877,5907
2013,Rheinland-Pfalz,Saarland,1988,2137,4125,287,236,523,2275,2373,4648
2013,Rheinland-Pfalz,Berlin,874,968,1842,144,131,275,1018,1099,2117
2013,Rheinland-Pfalz,Brandenburg,319,323,642,35,25,60,354,348,702
2013,Rheinland-Pfalz,Mecklenburg-Vorpommern,211,215,426,26,26,52,237,241,478
2013,Rheinland-Pfalz,Sachsen,587,618,1205,75,55,130,662,673,1335
2013,Rheinland-Pfalz,Sachsen-Anhalt,296,269,565,66,26,92,362,295,657
2013,Rheinland-Pfalz,Thueringen,321,347,668,55,27,82,376,374,750
2013,Rheinland-Pfalz,Insgesamt,29142,30686,59828,6089,4974,11063,35231,35660,70891
2013,Baden-Wuerttemberg,Schleswig-Holstein,1225,1315,2540,194,148,342,1419,1463,2882
2013,Baden-Wuerttemberg,Hamburg,1277,1432,2709,320,232,552,1597,1664,3261
2013,Baden-Wuerttemberg,Niedersachsen,3022,2943,5965,820,537,1357,3842,3480,7322
2013,Baden-Wuerttemberg,Bremen,363,376,739,112,76,188,475,452,927
2013,Baden-Wuerttemberg,Nordrhein-Westfalen,6752,6964,13716,2518,1813,4331,9270,8777,18047
2013,Baden-Wuerttemberg,Hessen,6389,6679,13068,1991,1534,3525,8380,8213,16593
2013,Baden-Wuerttemberg,Rheinland-Pfalz,5909,6228,12137,1889,1400,3289,7798,7628,15426
2013,Baden-Wuerttemberg,Baden-Wuerttemberg,0,0,0,0,0,0,0,0,0
2013,Baden-Wuerttemberg,Bayern,15078,15761,30839,4340,2866,7206,19418,18627,38045
2013,Baden-Wuerttemberg,Saarland,698,701,1399,196,141,337,894,842,1736
2013,Baden-Wuerttemberg,Berlin,3080,3227,6307,714,524,1238,3794,3751,7545
2013,Baden-Wuerttemberg,Brandenburg,912,887,1799,114,69,183,1026,956,1982
2013,Baden-Wuerttemberg,Mecklenburg-Vorpommern,558,584,1142,89,54,143,647,638,1285
2013,Baden-Wuerttemberg,Sachsen,2279,2200,4479,285,181,466,2564,2381,4945
2013,Baden-Wuerttemberg,Sachsen-Anhalt,909,839,1748,153,91,244,1062,930,1992
2013,Baden-Wuerttemberg,Thueringen,1145,1122,2267,217,168,385,1362,1290,2652
2013,Baden-Wuerttemberg,Insgesamt,49596,51258,100854,13952,9834,23786,63548,61092,124640
2013,Bayern,Schleswig-Holstein,1335,1327,2662,283,183,466,1618,1510,3128
2013,Bayern,Hamburg,1317,1473,2790,321,223,544,1638,1696,3334
2013,Bayern,Niedersachsen,3004,2884,5888,842,538,1380,3846,3422,7268
2013,Bayern,Bremen,304,318,622,123,70,193,427,388,815
2013,Bayern,Nordrhein-Westfalen,6520,6260,12780,2485,1669,4154,9005,7929,16934
2013,Bayern,Hessen,5334,5400,10734,1905,1177,3082,7239,6577,13816
2013,Bayern,Rheinland-Pfalz,1851,1995,3846,594,394,988,2445,2389,4834
2013,Bayern,Baden-Wuerttemberg,13617,14143,27760,3923,2544,6467,17540,16687,34227
2013,Bayern,Bayern,0,0,0,0,0,0,0,0,0
2013,Bayern,Saarland,329,341,670,98,88,186,427,429,856
2013,Bayern,Berlin,3550,3560,7110,803,683,1486,4353,4243,8596
2013,Bayern,Brandenburg,1046,996,2042,170,79,249,1216,1075,2291
2013,Bayern,Mecklenburg-Vorpommern,548,557,1105,99,53,152,647,610,1257
2013,Bayern,Sachsen,3561,3302,6863,448,260,708,4009,3562,7571
2013,Bayern,Sachsen-Anhalt,1042,983,2025,170,93,263,1212,1076,2288
2013,Bayern,Thueringen,2271,2166,4437,266,160,426,2537,2326,4863
2013,Bayern,Insgesamt,45629,45705,91334,12530,8214,20744,58159,53919,112078
2013,Saarland,Schleswig-Holstein,88,95,183,13,12,25,101,107,208
2013,Saarland,Hamburg,68,83,151,15,11,26,83,94,177
2013,Saarland,Niedersachsen,247,236,483,55,47,102,302,283,585
2013,Saarland,Bremen,25,31,56,10,14,24,35,45,80
2013,Saarland,Nordrhein-Westfalen,746,820,1566,307,184,491,1053,1004,2057
2013,Saarland,Hessen,456,537,993,180,132,312,636,669,1305
2013,Saarland,Rheinland-Pfalz,1999,2183,4182,241,217,458,2240,2400,4640
2013,Saarland,Baden-Wuerttemberg,867,946,1813,214,148,362,1081,1094,2175
2013,Saarland,Bayern,545,510,1055,195,113,308,740,623,1363
2013,Saarland,Saarland,0,0,0,0,0,0,0,0,0
2013,Saarland,Berlin,195,209,404,48,27,75,243,236,479
2013,Saarland,Brandenburg,43,54,97,8,8,16,51,62,113
2013,Saarland,Mecklenburg-Vorpommern,30,31,61,3,8,11,33,39,72
2013,Saarland,Sachsen,85,98,183,29,10,39,114,108,222
2013,Saarland,Sachsen-Anhalt,38,38,76,27,10,37,65,48,113
2013,Saarland,Thueringen,61,41,102,7,10,17,68,51,119
2013,Saarland,Insgesamt,5493,5912,11405,1352,951,2303,6845,6863,13708
2013,Berlin,Schleswig-Holstein,1000,1180,2180,179,122,301,1179,1302,2481
2013,Berlin,Hamburg,1142,1210,2352,287,229,516,1429,1439,2868
2013,Berlin,Niedersachsen,2271,2280,4551,478,336,814,2749,2616,5365
2013,Berlin,Bremen,256,277,533,83,78,161,339,355,694
2013,Berlin,Nordrhein-Westfalen,3076,3247,6323,1052,726,1778,4128,3973,8101
2013,Berlin,Hessen,1451,1556,3007,509,424,933,1960,1980,3940
2013,Berlin,Rheinland-Pfalz,592,578,1170,129,128,257,721,706,1427
2013,Berlin,Baden-Wuerttemberg,2297,2329,4626,718,554,1272,3015,2883,5898
2013,Berlin,Bayern,2754,2656,5410,785,657,1442,3539,3313,6852
2013,Berlin,Saarland,124,123,247,42,21,63,166,144,310
2013,Berlin,Berlin,0,0,0,0,0,0,0,0,0
2013,Berlin,Brandenburg,13229,13113,26342,1168,839,2007,14397,13952,28349
2013,Berlin,Mecklenburg-Vorpommern,1419,1463,2882,155,118,273,1574,1581,3155
2013,Berlin,Sachsen,1554,1643,3197,382,254,636,1936,1897,3833
2013,Berlin,Sachsen-Anhalt,976,994,1970,230,177,407,1206,1171,2377
2013,Berlin,Thueringen,534,575,1109,119,95,214,653,670,1323
2013,Berlin,Insgesamt,32675,33224,65899,6316,4758,11074,38991,37982,76973
2013,Brandenburg,Schleswig-Holstein,592,615,1207,57,36,93,649,651,1300
2013,Brandenburg,Hamburg,401,357,758,39,32,71,440,389,829
2013,Brandenburg,Niedersachsen,1301,1144,2445,171,99,270,1472,1243,2715
2013,Brandenburg,Bremen,100,96,196,26,14,40,126,110,236
2013,Brandenburg,Nordrhein-Westfalen,1209,1205,2414,324,181,505,1533,1386,2919
2013,Brandenburg,Hessen,546,482,1028,83,64,147,629,546,1175
2013,Brandenburg,Rheinland-Pfalz,345,307,652,31,22,53,376,329,705
2013,Brandenburg,Baden-Wuerttemberg,985,875,1860,128,97,225,1113,972,2085
2013,Brandenburg,Bayern,1229,1018,2247,161,117,278,1390,1135,2525
2013,Brandenburg,Saarland,44,53,97,4,4,8,48,57,105
2013,Brandenburg,Berlin,9967,9500,19467,1238,1063,2301,11205,10563,21768
2013,Brandenburg,Brandenburg,0,0,0,0,0,0,0,0,0
2013,Brandenburg,Mecklenburg-Vorpommern,1470,1612,3082,73,46,119,1543,1658,3201
2013,Brandenburg,Sachsen,2473,2388,4861,123,101,224,2596,2489,5085
2013,Brandenburg,Sachsen-Anhalt,1098,1098,2196,76,50,126,1174,1148,2322
2013,Brandenburg,Thueringen,444,496,940,34,22,56,478,518,996
2013,Brandenburg,Insgesamt,22204,21246,43450,2568,1948,4516,24772,23194,47966
2013,Mecklenburg-Vorpommern,Schleswig-Holstein,2135,2007,4142,137,88,225,2272,2095,4367
2013,Mecklenburg-Vorpommern,Hamburg,1367,1221,2588,668,466,1134,2035,1687,3722
2013,Mecklenburg-Vorpommern,Niedersachsen,1576,1478,3054,211,100,311,1787,1578,3365
2013,Mecklenburg-Vorpommern,Bremen,163,148,311,37,20,57,200,168,368
2013,Mecklenburg-Vorpommern,Nordrhein-Westfalen,967,932,1899,231,148,379,1198,1080,2278
2013,Mecklenburg-Vorpommern,Hessen,384,350,734,62,37,99,446,387,833
2013,Mecklenburg-Vorpommern,Rheinland-Pfalz,208,177,385,30,21,51,238,198,436
2013,Mecklenburg-Vorpommern,Baden-Wuerttemberg,650,570,1220,109,78,187,759,648,1407
2013,Mecklenburg-Vorpommern,Bayern,691,609,1300,146,82,228,837,691,1528
2013,Mecklenburg-Vorpommern,Saarland,24,18,42,4,2,6,28,20,48
2013,Mecklenburg-Vorpommern,Berlin,1690,1620,3310,189,134,323,1879,1754,3633
2013,Mecklenburg-Vorpommern,Brandenburg,1315,1413,2728,63,48,111,1378,1461,2839
2013,Mecklenburg-Vorpommern,Mecklenburg-Vorpommern,0,0,0,0,0,0,0,0,0
2013,Mecklenburg-Vorpommern,Sachsen,776,740,1516,51,35,86,827,775,1602
2013,Mecklenburg-Vorpommern,Sachsen-Anhalt,451,513,964,26,21,47,477,534,1011
2013,Mecklenburg-Vorpommern,Thueringen,269,319,588,9,6,15,278,325,603
2013,Mecklenburg-Vorpommern,Insgesamt,12666,12115,24781,1973,1286,3259,14639,13401,28040
2013,Sachsen,Schleswig-Holstein,488,530,1018,75,49,124,563,579,1142
2013,Sachsen,Hamburg,383,422,805,104,84,188,487,506,993
2013,Sachsen,Niedersachsen,1334,1367,2701,291,148,439,1625,1515,3140
2013,Sachsen,Bremen,136,97,233,52,24,76,188,121,309
2013,Sachsen,Nordrhein-Westfalen,1894,1874,3768,652,352,1004,2546,2226,4772
2013,Sachsen,Hessen,1099,1096,2195,339,192,531,1438,1288,2726
2013,Sachsen,Rheinland-Pfalz,510,480,990,96,50,146,606,530,1136
2013,Sachsen,Baden-Wuerttemberg,2313,2002,4315,477,320,797,2790,2322,5112
2013,Sachsen,Bayern,3841,3435,7276,582,368,950,4423,3803,8226
2013,Sachsen,Saarland,78,74,152,24,16,40,102,90,192
2013,Sachsen,Berlin,1974,2093,4067,471,323,794,2445,2416,4861
2013,Sachsen,Brandenburg,1889,2017,3906,159,105,264,2048,2122,4170
2013,Sachsen,Mecklenburg-Vorpommern,683,714,1397,50,25,75,733,739,1472
2013,Sachsen,Sachsen,0,0,0,0,0,0,0,0,0
2013,Sachsen,Sachsen-Anhalt,2215,2254,4469,231,146,377,2446,2400,4846
2013,Sachsen,Thueringen,2154,2241,4395,173,107,280,2327,2348,4675
2013,Sachsen,Insgesamt,20991,20696,41687,3776,2309,6085,24767,23005,47772
2013,Sachsen-Anhalt,Schleswig-Holstein,398,436,834,52,37,89,450,473,923
2013,Sachsen-Anhalt,Hamburg,306,294,600,90,60,150,396,354,750
2013,Sachsen-Anhalt,Niedersachsen,3259,3015,6274,414,273,687,3673,3288,6961
2013,Sachsen-Anhalt,Bremen,107,88,195,22,5,27,129,93,222
2013,Sachsen-Anhalt,Nordrhein-Westfalen,1220,1230,2450,420,253,673,1640,1483,3123
2013,Sachsen-Anhalt,Hessen,623,648,1271,162,125,287,785,773,1558
2013,Sachsen-Anhalt,Rheinland-Pfalz,304,291,595,65,34,99,369,325,694
2013,Sachsen-Anhalt,Baden-Wuerttemberg,982,920,1902,196,127,323,1178,1047,2225
2013,Sachsen-Anhalt,Bayern,1390,1142,2532,234,174,408,1624,1316,2940
2013,Sachsen-Anhalt,Saarland,45,40,85,13,5,18,58,45,103
2013,Sachsen-Anhalt,Berlin,1284,1386,2670,278,209,487,1562,1595,3157
2013,Sachsen-Anhalt,Brandenburg,1085,1189,2274,82,54,136,1167,1243,2410
2013,Sachsen-Anhalt,Mecklenburg-Vorpommern,541,578,1119,34,15,49,575,593,1168
2013,Sachsen-Anhalt,Sachsen,3441,3251,6692,247,188,435,3688,3439,7127
2013,Sachsen-Anhalt,Sachsen-Anhalt,0,0,0,0,0,0,0,0,0
2013,Sachsen-Anhalt,Thueringen,1374,1424,2798,75,45,120,1449,1469,2918
2013,Sachsen-Anhalt,Insgesamt,16359,15932,32291,2384,1604,3988,18743,17536,36279
2013,Thueringen,Schleswig-Holstein,279,310,589,37,33,70,316,343,659
2013,Thueringen,Hamburg,217,239,456,62,46,108,279,285,564
2013,Thueringen,Niedersachsen,1323,1248,2571,196,151,347,1519,1399,2918
2013,Thueringen,Bremen,79,89,168,35,25,60,114,114,228
2013,Thueringen,Nordrhein-Westfalen,1217,1086,2303,424,283,707,1641,1369,3010
2013,Thueringen,Hessen,1757,1646,3403,277,163,440,2034,1809,3843
2013,Thueringen,Rheinland-Pfalz,343,325,668,78,51,129,421,376,797
2013,Thueringen,Baden-Wuerttemberg,1291,1182,2473,302,184,486,1593,1366,2959
2013,Thueringen,Bayern,2936,2621,5557,409,240,649,3345,2861,6206
2013,Thueringen,Saarland,57,48,105,16,8,24,73,56,129
2013,Thueringen,Berlin,849,893,1742,169,127,296,1018,1020,2038
2013,Thueringen,Brandenburg,438,421,859,24,17,41,462,438,900
2013,Thueringen,Mecklenburg-Vorpommern,348,362,710,10,15,25,358,377,735
2013,Thueringen,Sachsen,3157,2995,6152,184,104,288,3341,3099,6440
2013,Thueringen,Sachsen-Anhalt,1233,1267,2500,65,44,109,1298,1311,2609
2013,Thueringen,Thueringen,0,0,0,0,0,0,0,0,0
2013,Thueringen,Insgesamt,15524,14732,30256,2288,1491,3779,17812,16223,34035
2013,Insgesamt,Schleswig-Holstein,27338,28790,56128,3645,2727,6372,30983,31517,62500
2013,Insgesamt,Hamburg,25612,27353,52965,4992,3986,8978,30604,31339,61943
2013,Insgesamt,Niedersachsen,52716,54013,106729,8884,6068,14952,61600,60081,121681
2013,Insgesamt,Bremen,9793,9908,19701,1856,1438,3294,11649,11346,22995
2013,Insgesamt,Nordrhein-Westfalen,55925,58655,114580,15745,11341,27086,71670,69996,141666
2013,Insgesamt,Hessen,36866,38481,75347,10348,7766,18114,47214,46247,93461
2013,Insgesamt,Rheinland-Pfalz,27881,29056,56937,6254,4700,10954,34135,33756,67891
2013,Insgesamt,Baden-Wuerttemberg,49427,49970,99397,14080,9848,23928,63507,59818,123325
2013,Insgesamt,Bayern,52207,50712,102919,13886,9358,23244,66093,60070,126163
2013,Insgesamt,Saarland,4749,4972,9721,1116,843,1959,5865,5815,11680
2013,Insgesamt,Berlin,36106,36885,72991,6660,5390,12050,42766,42275,85041
2013,Insgesamt,Brandenburg,24220,24267,48487,2259,1495,3754,26479,25762,52241
2013,Insgesamt,Mecklenburg-Vorpommern,11729,12176,23905,1063,649,1712,12792,12825,25617
2013,Insgesamt,Sachsen,23770,23082,46852,2778,1740,4518,26548,24822,51370
2013,Insgesamt,Sachsen-Anhalt,13593,13455,27048,1721,1021,2742,15314,14476,29790
2013,Insgesamt,Thueringen,12644,12964,25608,1550,999,2549,14194,13963,28157
2013,Insgesamt,Insgesamt,464576,474739,939315,96837,69369,166206,561413,544108,1105521
2014,Schleswig-Holstein,Schleswig-Holstein,0,0,0,0,0,0,0,0,0
2014,Schleswig-Holstein,Hamburg,7863,8460,16323,1273,1041,2314,9136,9501,18637
2014,Schleswig-Holstein,Niedersachsen,4052,4343,8395,490,348,838,4542,4691,9233
2014,Schleswig-Holstein,Bremen,397,422,819,101,50,151,498,472,970
2014,Schleswig-Holstein,Nordrhein-Westfalen,2318,2470,4788,496,356,852,2814,2826,5640
2014,Schleswig-Holstein,Hessen,838,873,1711,170,135,305,1008,1008,2016
2014,Schleswig-Holstein,Rheinland-Pfalz,391,430,821,66,49,115,457,479,936
2014,Schleswig-Holstein,Baden-Wuerttemberg,1237,1198,2435,281,152,433,1518,1350,2868
2014,Schleswig-Holstein,Bayern,1208,1057,2265,316,193,509,1524,1250,2774
2014,Schleswig-Holstein,Saarland,55,61,116,10,5,15,65,66,131
2014,Schleswig-Holstein,Berlin,1028,1173,2201,175,131,306,1203,1304,2507
2014,Schleswig-Holstein,Brandenburg,564,513,1077,44,31,75,608,544,1152
2014,Schleswig-Holstein,Mecklenburg-Vorpommern,2031,1983,4014,133,93,226,2164,2076,4240
2014,Schleswig-Holstein,Sachsen,497,476,973,80,34,114,577,510,1087
2014,Schleswig-Holstein,Sachsen-Anhalt,382,370,752,38,19,57,420,389,809
2014,Schleswig-Holstein,Thueringen,227,228,455,34,22,56,261,250,511
2014,Schleswig-Holstein,Insgesamt,23088,24057,47145,3707,2659,6366,26795,26716,53511
2014,Hamburg,Schleswig-Holstein,10383,10836,21219,1571,1260,2831,11954,12096,24050
2014,Hamburg,Hamburg,0,0,0,0,0,0,0,0,0
2014,Hamburg,Niedersachsen,5734,5959,11693,804,629,1433,6538,6588,13126
2014,Hamburg,Bremen,403,444,847,131,82,213,534,526,1060
2014,Hamburg,Nordrhein-Westfalen,1934,2055,3989,493,362,855,2427,2417,4844
2014,Hamburg,Hessen,754,787,1541,213,176,389,967,963,1930
2014,Hamburg,Rheinland-Pfalz,284,324,608,79,64,143,363,388,751
2014,Hamburg,Baden-Wuerttemberg,1026,1111,2137,277,190,467,1303,1301,2604
2014,Hamburg,Bayern,1151,1188,2339,393,214,607,1544,1402,2946
2014,Hamburg,Saarland,46,50,96,10,10,20,56,60,116
2014,Hamburg,Berlin,1288,1411,2699,334,258,592,1622,1669,3291
2014,Hamburg,Brandenburg,335,320,655,26,24,50,361,344,705
2014,Hamburg,Mecklenburg-Vorpommern,962,962,1924,71,67,138,1033,1029,2062
2014,Hamburg,Sachsen,333,347,680,73,36,109,406,383,789
2014,Hamburg,Sachsen-Anhalt,215,204,419,38,32,70,253,236,489
2014,Hamburg,Thueringen,162,152,314,33,17,50,195,169,364
2014,Hamburg,Insgesamt,25010,26150,51160,4546,3421,7967,29556,29571,59127
2014,Niedersachsen,Schleswig-Holstein,3997,4398,8395,562,404,966,4559,4802,9361
2014,Niedersachsen,Hamburg,5114,5632,10746,800,695,1495,5914,6327,12241
2014,Niedersachsen,Niedersachsen,0,0,0,0,0,0,0,0,0
2014,Niedersachsen,Bremen,5464,5575,11039,867,715,1582,6331,6290,12621
2014,Niedersachsen,Nordrhein-Westfalen,12515,13698,26213,3610,2897,6507,16125,16595,32720
2014,Niedersachsen,Hessen,3404,3557,6961,911,778,1689,4315,4335,8650
2014,Niedersachsen,Rheinland-Pfalz,1298,1370,2668,505,331,836,1803,1701,3504
2014,Niedersachsen,Baden-Wuerttemberg,3209,3151,6360,1410,1118,2528,4619,4269,8888
2014,Niedersachsen,Bayern,3667,3447,7114,1508,1072,2580,5175,4519,9694
2014,Niedersachsen,Saarland,173,201,374,90,86,176,263,287,550
2014,Niedersachsen,Berlin,2656,2957,5613,606,496,1102,3262,3453,6715
2014,Niedersachsen,Brandenburg,1086,1082,2168,190,120,310,1276,1202,2478
2014,Niedersachsen,Mecklenburg-Vorpommern,1396,1405,2801,249,133,382,1645,1538,3183
2014,Niedersachsen,Sachsen,1586,1498,3084,392,268,660,1978,1766,3744
2014,Niedersachsen,Sachsen-Anhalt,2605,2613,5218,325,182,507,2930,2795,5725
2014,Niedersachsen,Thueringen,1077,1148,2225,180,166,346,1257,1314,2571
2014,Niedersachsen,Insgesamt,49247,51732,100979,12205,9461,21666,61452,61193,122645
2014,Bremen,Schleswig-Holstein,363,373,736,73,46,119,436,419,855
2014,Bremen,Hamburg,509,563,1072,131,105,236,640,668,1308
2014,Bremen,Niedersachsen,6257,6373,12630,771,691,1462,7028,7064,14092
2014,Bremen,Bremen,0,0,0,0,0,0,0,0,0
2014,Bremen,Nordrhein-Westfalen,900,897,1797,344,260,604,1244,1157,2401
2014,Bremen,Hessen,303,273,576,94,74,168,397,347,744
2014,Bremen,Rheinland-Pfalz,126,131,257,37,36,73,163,167,330
2014,Bremen,Baden-Wuerttemberg,343,336,679,135,111,246,478,447,925
2014,Bremen,Bayern,354,341,695,157,108,265,511,449,960
2014,Bremen,Saarland,27,26,53,4,5,9,31,31,62
2014,Bremen,Berlin,381,400,781,89,108,197,470,508,978
2014,Bremen,Brandenburg,82,70,152,16,8,24,98,78,176
2014,Bremen,Mecklenburg-Vorpommern,126,137,263,19,13,32,145,150,295
2014,Bremen,Sachsen,169,161,330,37,18,55,206,179,385
2014,Bremen,Sachsen-Anhalt,70,70,140,23,12,35,93,82,175
2014,Bremen,Thueringen,49,69,118,18,10,28,67,79,146
2014,Bremen,Insgesamt,10059,10220,20279,1948,1605,3553,12007,11825,23832
2014,Nordrhein-Westfalen,Schleswig-Holstein,2976,3266,6242,495,296,791,3471,3562,7033
2014,Nordrhein-Westfalen,Hamburg,2688,2982,5670,686,479,1165,3374,3461,6835
2014,Nordrhein-Westfalen,Niedersachsen,14197,15325,29522,2858,1956,4814,17055,17281,34336
2014,Nordrhein-Westfalen,Bremen,934,1049,1983,316,248,564,1250,1297,2547
2014,Nordrhein-Westfalen,Nordrhein-Westfalen,0,0,0,0,0,0,0,0,0
2014,Nordrhein-Westfalen,Hessen,7353,7948,15301,2492,1865,4357,9845,9813,19658
2014,Nordrhein-Westfalen,Rheinland-Pfalz,7447,7778,15225,1420,1084,2504,8867,8862,17729
2014,Nordrhein-Westfalen,Baden-Wuerttemberg,7682,7588,15270,3079,1937,5016,10761,9525,20286
2014,Nordrhein-Westfalen,Bayern,8016,7793,15809,2910,1838,4748,10926,9631,20557
2014,Nordrhein-Westfalen,Saarland,596,673,1269,255,170,425,851,843,1694
2014,Nordrhein-Westfalen,Berlin,4495,4757,9252,1160,940,2100,5655,5697,11352
2014,Nordrhein-Westfalen,Brandenburg,1299,1310,2609,250,145,395,1549,1455,3004
2014,Nordrhein-Westfalen,Mecklenburg-Vorpommern,1109,1123,2232,191,103,294,1300,1226,2526
2014,Nordrhein-Westfalen,Sachsen,2161,2119,4280,549,299,848,2710,2418,5128
2014,Nordrhein-Westfalen,Sachsen-Anhalt,1248,1224,2472,297,135,432,1545,1359,2904
2014,Nordrhein-Westfalen,Thueringen,1125,1033,2158,335,204,539,1460,1237,2697
2014,Nordrhein-Westfalen,Insgesamt,63326,65968,129294,17293,11699,28992,80619,77667,158286
2014,Hessen,Schleswig-Holstein,1067,1210,2277,199,150,349,1266,1360,2626
2014,Hessen,Hamburg,953,1116,2069,207,162,369,1160,1278,2438
2014,Hessen,Niedersachsen,3588,3929,7517,827,592,1419,4415,4521,8936
2014,Hessen,Bremen,262,264,526,90,69,159,352,333,685
2014,Hessen,Nordrhein-Westfalen,6936,7405,14341,2499,1676,4175,9435,9081,18516
2014,Hessen,Hessen,0,0,0,0,0,0,0,0,0
2014,Hessen,Rheinland-Pfalz,6256,6860,13116,1736,1275,3011,7992,8135,16127
2014,Hessen,Baden-Wuerttemberg,6475,6836,13311,2577,1567,4144,9052,8403,17455
2014,Hessen,Bayern,6101,6056,12157,2133,1387,3520,8234,7443,15677
2014,Hessen,Saarland,334,345,679,125,113,238,459,458,917
2014,Hessen,Berlin,1943,2087,4030,568,484,1052,2511,2571,5082
2014,Hessen,Brandenburg,526,539,1065,91,52,143,617,591,1208
2014,Hessen,Mecklenburg-Vorpommern,411,393,804,154,51,205,565,444,1009
2014,Hessen,Sachsen,1274,1290,2564,275,162,437,1549,1452,3001
2014,Hessen,Sachsen-Anhalt,610,624,1234,120,82,202,730,706,1436
2014,Hessen,Thueringen,1339,1495,2834,217,123,340,1556,1618,3174
2014,Hessen,Insgesamt,38075,40449,78524,11818,7945,19763,49893,48394,98287
2014,Rheinland-Pfalz,Schleswig-Holstein,472,517,989,80,49,129,552,566,1118
2014,Rheinland-Pfalz,Hamburg,376,419,795,77,66,143,453,485,938
2014,Rheinland-Pfalz,Niedersachsen,1364,1401,2765,252,219,471,1616,1620,3236
2014,Rheinland-Pfalz,Bremen,126,130,256,45,32,77,171,162,333
2014,Rheinland-Pfalz,Nordrhein-Westfalen,7241,7624,14865,1688,1228,2916,8929,8852,17781
2014,Rheinland-Pfalz,Hessen,5977,6327,12304,1591,1306,2897,7568,7633,15201
2014,Rheinland-Pfalz,Rheinland-Pfalz,0,0,0,0,0,0,0,0,0
2014,Rheinland-Pfalz,Baden-Wuerttemberg,6125,6454,12579,1865,1312,3177,7990,7766,15756
2014,Rheinland-Pfalz,Bayern,2226,2342,4568,702,405,1107,2928,2747,5675
2014,Rheinland-Pfalz,Saarland,2023,2082,4105,270,211,481,2293,2293,4586
2014,Rheinland-Pfalz,Berlin,843,897,1740,175,190,365,1018,1087,2105
2014,Rheinland-Pfalz,Brandenburg,325,314,639,47,27,74,372,341,713
2014,Rheinland-Pfalz,Mecklenburg-Vorpommern,227,209,436,25,18,43,252,227,479
2014,Rheinland-Pfalz,Sachsen,601,554,1155,91,58,149,692,612,1304
2014,Rheinland-Pfalz,Sachsen-Anhalt,297,305,602,62,31,93,359,336,695
2014,Rheinland-Pfalz,Thueringen,298,318,616,54,31,85,352,349,701
2014,Rheinland-Pfalz,Insgesamt,28521,29893,58414,7024,5183,12207,35545,35076,70621
2014,Baden-Wuerttemberg,Schleswig-Holstein,1272,1296,2568,215,167,382,1487,1463,2950
2014,Baden-Wuerttemberg,Hamburg,1244,1304,2548,330,250,580,1574,1554,3128
2014,Baden-Wuerttemberg,Niedersachsen,3051,3152,6203,906,582,1488,3957,3734,7691
2014,Baden-Wuerttemberg,Bremen,360,305,665,125,105,230,485,410,895
2014,Baden-Wuerttemberg,Nordrhein-Westfalen,6756,7020,13776,2910,1943,4853,9666,8963,18629
2014,Baden-Wuerttemberg,Hessen,6290,6813,13103,2416,1753,4169,8706,8566,17272
2014,Baden-Wuerttemberg,Rheinland-Pfalz,5910,6317,12227,1996,1510,3506,7906,7827,15733
2014,Baden-Wuerttemberg,Baden-Wuerttemberg,0,0,0,0,0,0,0,0,0
2014,Baden-Wuerttemberg,Bayern,14728,15191,29919,5128,3091,8219,19856,18282,38138
2014,Baden-Wuerttemberg,Saarland,657,699,1356,209,167,376,866,866,1732
2014,Baden-Wuerttemberg,Berlin,2848,3051,5899,771,589,1360,3619,3640,7259
2014,Baden-Wuerttemberg,Brandenburg,946,876,1822,135,82,217,1081,958,2039
2014,Baden-Wuerttemberg,Mecklenburg-Vorpommern,595,581,1176,102,61,163,697,642,1339
2014,Baden-Wuerttemberg,Sachsen,2382,2170,4552,487,222,709,2869,2392,5261
2014,Baden-Wuerttemberg,Sachsen-Anhalt,853,826,1679,151,76,227,1004,902,1906
2014,Baden-Wuerttemberg,Thueringen,1106,1080,2186,212,126,338,1318,1206,2524
2014,Baden-Wuerttemberg,Insgesamt,48998,50681,99679,16093,10724,26817,65091,61405,126496
2014,Bayern,Schleswig-Holstein,1247,1321,2568,380,213,593,1627,1534,3161
2014,Bayern,Hamburg,1320,1427,2747,535,272,807,1855,1699,3554
2014,Bayern,Niedersachsen,3307,3016,6323,1108,651,1759,4415,3667,8082
2014,Bayern,Bremen,304,252,556,167,94,261,471,346,817
2014,Bayern,Nordrhein-Westfalen,6553,6289,12842,2996,1815,4811,9549,8104,17653
2014,Bayern,Hessen,5530,5577,11107,2223,1294,3517,7753,6871,14624
2014,Bayern,Rheinland-Pfalz,2044,2032,4076,674,475,1149,2718,2507,5225
2014,Bayern,Baden-Wuerttemberg,13707,14456,28163,5040,2905,7945,18747,17361,36108
2014,Bayern,Bayern,0,0,0,0,0,0,0,0,0
2014,Bayern,Saarland,329,370,699,164,97,261,493,467,960
2014,Bayern,Berlin,3401,3386,6787,935,730,1665,4336,4116,8452
2014,Bayern,Brandenburg,1165,1080,2245,158,97,255,1323,1177,2500
2014,Bayern,Mecklenburg-Vorpommern,609,607,1216,107,71,178,716,678,1394
2014,Bayern,Sachsen,3538,3404,6942,566,278,844,4104,3682,7786
2014,Bayern,Sachsen-Anhalt,1056,959,2015,189,96,285,1245,1055,2300
2014,Bayern,Thueringen,2279,2183,4462,310,210,520,2589,2393,4982
2014,Bayern,Insgesamt,46389,46359,92748,15552,9298,24850,61941,55657,117598
2014,Saarland,Schleswig-Holstein,62,76,138,13,8,21,75,84,159
2014,Saarland,Hamburg,63,72,135,17,18,35,80,90,170
2014,Saarland,Niedersachsen,209,187,396,83,51,134,292,238,530
2014,Saarland,Bremen,15,22,37,12,4,16,27,26,53
2014,Saarland,Nordrhein-Westfalen,704,724,1428,357,225,582,1061,949,2010
2014,Saarland,Hessen,439,484,923,155,108,263,594,592,1186
2014,Saarland,Rheinland-Pfalz,2063,2298,4361,290,233,523,2353,2531,4884
2014,Saarland,Baden-Wuerttemberg,890,918,1808,285,185,470,1175,1103,2278
2014,Saarland,Bayern,423,451,874,141,104,245,564,555,1119
2014,Saarland,Saarland,0,0,0,0,0,0,0,0,0
2014,Saarland,Berlin,187,211,398,55,53,108,242,264,506
2014,Saarland,Brandenburg,47,41,88,10,7,17,57,48,105
2014,Saarland,Mecklenburg-Vorpommern,28,34,62,13,4,17,41,38,79
2014,Saarland,Sachsen,79,85,164,29,26,55,108,111,219
2014,Saarland,Sachsen-Anhalt,35,39,74,5,4,9,40,43,83
2014,Saarland,Thueringen,54,51,105,19,13,32,73,64,137
2014,Saarland,Insgesamt,5298,5693,10991,1484,1043,2527,6782,6736,13518
2014,Berlin,Schleswig-Holstein,988,1077,2065,199,135,334,1187,1212,2399
2014,Berlin,Hamburg,1019,1168,2187,333,270,603,1352,1438,2790
2014,Berlin,Niedersachsen,2258,2262,4520,508,388,896,2766,2650,5416
2014,Berlin,Bremen,230,261,491,102,81,183,332,342,674
2014,Berlin,Nordrhein-Westfalen,3029,3180,6209,1071,809,1880,4100,3989,8089
2014,Berlin,Hessen,1482,1424,2906,488,392,880,1970,1816,3786
2014,Berlin,Rheinland-Pfalz,597,600,1197,172,128,300,769,728,1497
2014,Berlin,Baden-Wuerttemberg,2293,2283,4576,809,560,1369,3102,2843,5945
2014,Berlin,Bayern,2641,2703,5344,842,601,1443,3483,3304,6787
2014,Berlin,Saarland,113,127,240,55,42,97,168,169,337
2014,Berlin,Berlin,0,0,0,0,0,0,0,0,0
2014,Berlin,Brandenburg,13835,14001,27836,1268,1048,2316,15103,15049,30152
2014,Berlin,Mecklenburg-Vorpommern,1387,1461,2848,196,117,313,1583,1578,3161
2014,Berlin,Sachsen,1618,1720,3338,434,323,757,2052,2043,4095
2014,Berlin,Sachsen-Anhalt,958,932,1890,267,194,461,1225,1126,2351
2014,Berlin,Thueringen,513,584,1097,129,101,230,642,685,1327
2014,Berlin,Insgesamt,32961,33783,66744,6873,5189,12062,39834,38972,78806
2014,Brandenburg,Schleswig-Holstein,523,502,1025,65,34,99,588,536,1124
2014,Brandenburg,Hamburg,373,321,694,51,31,82,424,352,776
2014,Brandenburg,Niedersachsen,1132,1088,2220,178,110,288,1310,1198,2508
2014,Brandenburg,Bremen,99,75,174,35,13,48,134,88,222
2014,Brandenburg,Nordrhein-Westfalen,1090,1056,2146,345,177,522,1435,1233,2668
2014,Brandenburg,Hessen,526,472,998,124,68,192,650,540,1190
2014,Brandenburg,Rheinland-Pfalz,303,272,575,47,30,77,350,302,652
2014,Brandenburg,Baden-Wuerttemberg,903,805,1708,168,123,291,1071,928,1999
2014,Brandenburg,Bayern,1136,929,2065,211,120,331,1347,1049,2396
2014,Brandenburg,Saarland,48,41,89,10,11,21,58,52,110
2014,Brandenburg,Berlin,9323,8685,18008,1338,1117,2455,10661,9802,20463
2014,Brandenburg,Brandenburg,0,0,0,0,0,0,0,0,0
2014,Brandenburg,Mecklenburg-Vorpommern,1636,1671,3307,50,51,101,1686,1722,3408
2014,Brandenburg,Sachsen,2266,2260,4526,170,65,235,2436,2325,4761
2014,Brandenburg,Sachsen-Anhalt,1066,1107,2173,99,52,151,1165,1159,2324
2014,Brandenburg,Thueringen,413,442,855,27,15,42,440,457,897
2014,Brandenburg,Insgesamt,20837,19726,40563,2918,2017,4935,23755,21743,45498
2014,Mecklenburg-Vorpommern,Schleswig-Holstein,2095,1945,4040,146,105,251,2241,2050,4291
2014,Mecklenburg-Vorpommern,Hamburg,1132,995,2127,637,523,1160,1769,1518,3287
2014,Mecklenburg-Vorpommern,Niedersachsen,1499,1373,2872,247,114,361,1746,1487,3233
2014,Mecklenburg-Vorpommern,Bremen,141,111,252,33,17,50,174,128,302
2014,Mecklenburg-Vorpommern,Nordrhein-Westfalen,939,857,1796,264,171,435,1203,1028,2231
2014,Mecklenburg-Vorpommern,Hessen,316,292,608,122,54,176,438,346,784
2014,Mecklenburg-Vorpommern,Rheinland-Pfalz,189,184,373,63,24,87,252,208,460
2014,Mecklenburg-Vorpommern,Baden-Wuerttemberg,545,439,984,147,98,245,692,537,1229
2014,Mecklenburg-Vorpommern,Bayern,602,549,1151,164,103,267,766,652,1418
2014,Mecklenburg-Vorpommern,Saarland,18,24,42,9,4,13,27,28,55
2014,Mecklenburg-Vorpommern,Berlin,1456,1367,2823,211,197,408,1667,1564,3231
2014,Mecklenburg-Vorpommern,Brandenburg,1336,1387,2723,80,53,133,1416,1440,2856
2014,Mecklenburg-Vorpommern,Mecklenburg-Vorpommern,0,0,0,0,0,0,0,0,0
2014,Mecklenburg-Vorpommern,Sachsen,724,756,1480,56,44,100,780,800,1580
2014,Mecklenburg-Vorpommern,Sachsen-Anhalt,407,472,879,37,17,54,444,489,933
2014,Mecklenburg-Vorpommern,Thueringen,254,297,551,25,23,48,279,320,599
2014,Mecklenburg-Vorpommern,Insgesamt,11653,11048,22701,2241,1547,3788,13894,12595,26489
2014,Sachsen,Schleswig-Holstein,465,466,931,79,49,128,544,515,1059
2014,Sachsen,Hamburg,388,398,786,122,86,208,510,484,994
2014,Sachsen,Niedersachsen,1417,1328,2745,344,205,549,1761,1533,3294
2014,Sachsen,Bremen,104,125,229,59,39,98,163,164,327
2014,Sachsen,Nordrhein-Westfalen,1707,1739,3446,784,410,1194,2491,2149,4640
2014,Sachsen,Hessen,1089,1060,2149,384,230,614,1473,1290,2763
2014,Sachsen,Rheinland-Pfalz,516,497,1013,142,87,229,658,584,1242
2014,Sachsen,Baden-Wuerttemberg,1995,1868,3863,550,332,882,2545,2200,4745
2014,Sachsen,Bayern,3506,3039,6545,674,401,1075,4180,3440,7620
2014,Sachsen,Saarland,65,59,124,38,26,64,103,85,188
2014,Sachsen,Berlin,1784,1939,3723,466,343,809,2250,2282,4532
2014,Sachsen,Brandenburg,1827,1865,3692,171,94,265,1998,1959,3957
2014,Sachsen,Mecklenburg-Vorpommern,748,815,1563,65,38,103,813,853,1666
2014,Sachsen,Sachsen,0,0,0,0,0,0,0,0,0
2014,Sachsen,Sachsen-Anhalt,2339,2347,4686,213,148,361,2552,2495,5047
2014,Sachsen,Thueringen,2179,2254,4433,194,118,312,2373,2372,4745
2014,Sachsen,Insgesamt,20129,19799,39928,4285,2606,6891,24414,22405,46819
2014,Sachsen-Anhalt,Schleswig-Holstein,412,383,795,67,42,109,479,425,904
2014,Sachsen-Anhalt,Hamburg,283,296,579,107,65,172,390,361,751
2014,Sachsen-Anhalt,Niedersachsen,2918,2808,5726,445,281,726,3363,3089,6452
2014,Sachsen-Anhalt,Bremen,102,82,184,31,18,49,133,100,233
2014,Sachsen-Anhalt,Nordrhein-Westfalen,1186,1151,2337,556,326,882,1742,1477,3219
2014,Sachsen-Anhalt,Hessen,602,594,1196,172,99,271,774,693,1467
2014,Sachsen-Anhalt,Rheinland-Pfalz,254,260,514,90,53,143,344,313,657
2014,Sachsen-Anhalt,Baden-Wuerttemberg,933,827,1760,282,162,444,1215,989,2204
2014,Sachsen-Anhalt,Bayern,1159,992,2151,285,158,443,1444,1150,2594
2014,Sachsen-Anhalt,Saarland,41,42,83,21,11,32,62,53,115
2014,Sachsen-Anhalt,Berlin,1140,1268,2408,349,249,598,1489,1517,3006
2014,Sachsen-Anhalt,Brandenburg,1090,1164,2254,89,45,134,1179,1209,2388
2014,Sachsen-Anhalt,Mecklenburg-Vorpommern,582,626,1208,27,23,50,609,649,1258
2014,Sachsen-Anhalt,Sachsen,3412,3326,6738,352,192,544,3764,3518,7282
2014,Sachsen-Anhalt,Sachsen-Anhalt,0,0,0,0,0,0,0,0,0
2014,Sachsen-Anhalt,Thueringen,1310,1360,2670,91,50,141,1401,1410,2811
2014,Sachsen-Anhalt,Insgesamt,15424,15179,30603,2964,1774,4738,18388,16953,35341
2014,Thueringen,Schleswig-Holstein,308,252,560,51,32,83,359,284,643
2014,Thueringen,Hamburg,251,234,485,80,51,131,331,285,616
2014,Thueringen,Niedersachsen,1226,1204,2430,221,162,383,1447,1366,2813
2014,Thueringen,Bremen,75,67,142,22,19,41,97,86,183
2014,Thueringen,Nordrhein-Westfalen,1069,1045,2114,571,347,918,1640,1392,3032
2014,Thueringen,Hessen,1632,1558,3190,323,225,548,1955,1783,3738
2014,Thueringen,Rheinland-Pfalz,334,313,647,72,50,122,406,363,769
2014,Thueringen,Baden-Wuerttemberg,1216,1058,2274,335,199,534,1551,1257,2808
2014,Thueringen,Bayern,2750,2451,5201,433,286,719,3183,2737,5920
2014,Thueringen,Saarland,45,41,86,17,17,34,62,58,120
2014,Thueringen,Berlin,816,866,1682,147,170,317,963,1036,1999
2014,Thueringen,Brandenburg,448,471,919,36,31,67,484,502,986
2014,Thueringen,Mecklenburg-Vorpommern,329,354,683,29,16,45,358,370,728
2014,Thueringen,Sachsen,3171,3126,6297,185,164,349,3356,3290,6646
2014,Thueringen,Sachsen-Anhalt,1342,1386,2728,70,43,113,1412,1429,2841
2014,Thueringen,Thueringen,0,0,0,0,0,0,0,0,0
2014,Thueringen,Insgesamt,15012,14426,29438,2592,1812,4404,17604,16238,33842
2014,Insgesamt,Schleswig-Holstein,26630,27918,54548,4195,2990,7185,30825,30908,61733
2014,Insgesamt,Hamburg,23576,25387,48963,5386,4114,9500,28962,29501,58463
2014,Insgesamt,Niedersachsen,52209,53748,105957,10042,6979,17021,62251,60727,122978
2014,Insgesamt,Bremen,9016,9184,18200,2136,1586,3722,11152,10770,21922
2014,Insgesamt,Nordrhein-Westfalen,54877,57210,112087,18984,13002,31986,73861,70212,144073
2014,Insgesamt,Hessen,36535,38039,74574,11878,8557,20435,48413,46596,95009
2014,Insgesamt,Rheinland-Pfalz,28012,29666,57678,7389,5429,12818,35401,35095,70496
2014,Insgesamt,Baden-Wuerttemberg,48579,49328,97907,17240,10951,28191,65819,60279,126098
2014,Insgesamt,Bayern,49668,48529,98197,15997,10081,26078,65665,58610,124275
2014,Insgesamt,Saarland,4570,4841,9411,1287,975,2262,5857,5816,11673
2014,Insgesamt,Berlin,33589,34455,68044,7379,6055,13434,40968,40510,81478
2014,Insgesamt,Brandenburg,24911,25033,49944,2611,1864,4475,27522,26897,54419
2014,Insgesamt,Mecklenburg-Vorpommern,12176,12361,24537,1431,859,2290,13607,13220,26827
2014,Insgesamt,Sachsen,23811,23292,47103,3776,2189,5965,27587,25481,53068
2014,Insgesamt,Sachsen-Anhalt,13483,13478,26961,1934,1123,3057,15417,14601,30018
2014,Insgesamt,Thueringen,12385,12694,25079,1878,1229,3107,14263,13923,28186
2014,Insgesamt,Insgesamt,454027,465163,919190,113543,77983,191526,567570,543146,1110716
2015,Schleswig-Holstein,Schleswig-Holstein,0,0,0,0,0,0,0,0,0
2015,Schleswig-Holstein,Hamburg,8381,8609,16990,1563,1289,2852,9944,9898,19842
2015,Schleswig-Holstein,Niedersachsen,4068,4184,8252,715,423,1138,4783,4607,9390
2015,Schleswig-Holstein,Bremen,361,353,714,126,44,170,487,397,884
2015,Schleswig-Holstein,Nordrhein-Westfalen,2276,2387,4663,824,449,1273,3100,2836,5936
2015,Schleswig-Holstein,Hessen,824,880,1704,235,131,366,1059,1011,2070
2015,Schleswig-Holstein,Rheinland-Pfalz,407,353,760,79,60,139,486,413,899
2015,Schleswig-Holstein,Baden-Wuerttemberg,1098,1108,2206,333,213,546,1431,1321,2752
2015,Schleswig-Holstein,Bayern,1251,1175,2426,361,221,582,1612,1396,3008
2015,Schleswig-Holstein,Saarland,76,75,151,17,14,31,93,89,182
2015,Schleswig-Holstein,Berlin,935,982,1917,216,167,383,1151,1149,2300
2015,Schleswig-Holstein,Brandenburg,534,542,1076,55,38,93,589,580,1169
2015,Schleswig-Holstein,Mecklenburg-Vorpommern,1963,1941,3904,107,71,178,2070,2012,4082
2015,Schleswig-Holstein,Sachsen,400,494,894,93,52,145,493,546,1039
2015,Schleswig-Holstein,Sachsen-Anhalt,350,396,746,50,30,80,400,426,826
2015,Schleswig-Holstein,Thueringen,234,261,495,46,21,67,280,282,562
2015,Schleswig-Holstein,Insgesamt,23158,23740,46898,4820,3223,8043,27978,26963,54941
2015,Hamburg,Schleswig-Holstein,10191,10870,21061,1825,1377,3202,12016,12247,24263
2015,Hamburg,Hamburg,0,0,0,0,0,0,0,0,0
2015,Hamburg,Niedersachsen,5561,5887,11448,976,716,1692,6537,6603,13140
2015,Hamburg,Bremen,369,395,764,107,86,193,476,481,957
2015,Hamburg,Nordrhein-Westfalen,1911,2027,3938,718,443,1161,2629,2470,5099
2015,Hamburg,Hessen,718,758,1476,247,157,404,965,915,1880
2015,Hamburg,Rheinland-Pfalz,252,258,510,71,38,109,323,296,619
2015,Hamburg,Baden-Wuerttemberg,1002,1094,2096,385,217,602,1387,1311,2698
2015,Hamburg,Bayern,1066,1213,2279,407,236,643,1473,1449,2922
2015,Hamburg,Saarland,45,56,101,22,11,33,67,67,134
2015,Hamburg,Berlin,1198,1242,2440,319,229,548,1517,1471,2988
2015,Hamburg,Brandenburg,345,372,717,45,35,80,390,407,797
2015,Hamburg,Mecklenburg-Vorpommern,912,929,1841,202,153,355,1114,1082,2196
2015,Hamburg,Sachsen,332,316,648,74,48,122,406,364,770
2015,Hamburg,Sachsen-Anhalt,226,202,428,41,20,61,267,222,489
2015,Hamburg,Thueringen,149,157,306,37,20,57,186,177,363
2015,Hamburg,Insgesamt,24277,25776,50053,5476,3786,9262,29753,29562,59315
2015,Niedersachsen,Schleswig-Holstein,4032,4293,8325,594,424,1018,4626,4717,9343
2015,Niedersachsen,Hamburg,5554,5932,11486,1047,812,1859,6601,6744,13345
2015,Niedersachsen,Niedersachsen,0,0,0,0,0,0,0,0,0
2015,Niedersachsen,Bremen,4917,5064,9981,929,703,1632,5846,5767,11613
2015,Niedersachsen,Nordrhein-Westfalen,12473,13488,25961,4254,3016,7270,16727,16504,33231
2015,Niedersachsen,Hessen,3373,3543,6916,1052,781,1833,4425,4324,8749
2015,Niedersachsen,Rheinland-Pfalz,1199,1210,2409,492,390,882,1691,1600,3291
2015,Niedersachsen,Baden-Wuerttemberg,3160,3139,6299,1600,1112,2712,4760,4251,9011
2015,Niedersachsen,Bayern,3464,3339,6803,1606,1095,2701,5070,4434,9504
2015,Niedersachsen,Saarland,193,185,378,109,74,183,302,259,561
2015,Niedersachsen,Berlin,2461,2643,5104,627,525,1152,3088,3168,6256
2015,Niedersachsen,Brandenburg,1056,1027,2083,189,120,309,1245,1147,2392
2015,Niedersachsen,Mecklenburg-Vorpommern,1399,1406,2805,266,133,399,1665,1539,3204
2015,Niedersachsen,Sachsen,1522,1447,2969,388,292,680,1910,1739,3649
2015,Niedersachsen,Sachsen-Anhalt,2577,2643,5220,322,203,525,2899,2846,5745
2015,Niedersachsen,Thueringen,996,1031,2027,231,170,401,1227,1201,2428
2015,Niedersachsen,Insgesamt,48376,50390,98766,13706,9850,23556,62082,60240,122322
2015,Bremen,Schleswig-Holstein,351,370,721,90,42,132,441,412,853
2015,Bremen,Hamburg,547,598,1145,145,101,246,692,699,1391
2015,Bremen,Niedersachsen,6111,6284,12395,944,655,1599,7055,6939,13994
2015,Bremen,Bremen,0,0,0,0,0,0,0,0,0
2015,Bremen,Nordrhein-Westfalen,841,889,1730,392,249,641,1233,1138,2371
2015,Bremen,Hessen,216,232,448,113,80,193,329,312,641
2015,Bremen,Rheinland-Pfalz,101,123,224,50,31,81,151,154,305
2015,Bremen,Baden-Wuerttemberg,389,361,750,151,93,244,540,454,994
2015,Bremen,Bayern,343,273,616,188,111,299,531,384,915
2015,Bremen,Saarland,17,21,38,10,5,15,27,26,53
2015,Bremen,Berlin,294,368,662,122,104,226,416,472,888
2015,Bremen,Brandenburg,82,90,172,12,11,23,94,101,195
2015,Bremen,Mecklenburg-Vorpommern,117,120,237,28,11,39,145,131,276
2015,Bremen,Sachsen,131,125,256,33,22,55,164,147,311
2015,Bremen,Sachsen-Anhalt,79,104,183,17,11,28,96,115,211
2015,Bremen,Thueringen,60,80,140,12,14,26,72,94,166
2015,Bremen,Insgesamt,9679,10038,19717,2307,1540,3847,11986,11578,23564
2015,Nordrhein-Westfalen,Schleswig-Holstein,2818,3154,5972,676,397,1073,3494,3551,7045
2015,Nordrhein-Westfalen,Hamburg,2782,3045,5827,809,586,1395,3591,3631,7222
2015,Nordrhein-Westfalen,Niedersachsen,14401,15407,29808,3925,2454,6379,18326,17861,36187
2015,Nordrhein-Westfalen,Bremen,761,888,1649,368,269,637,1129,1157,2286
2015,Nordrhein-Westfalen,Nordrhein-Westfalen,0,0,0,0,0,0,0,0,0
2015,Nordrhein-Westfalen,Hessen,7341,7647,14988,3094,2033,5127,10435,9680,20115
2015,Nordrhein-Westfalen,Rheinland-Pfalz,7321,7749,15070,1853,1277,3130,9174,9026,18200
2015,Nordrhein-Westfalen,Baden-Wuerttemberg,7598,7593,15191,3788,2239,6027,11386,9832,21218
2015,Nordrhein-Westfalen,Bayern,7793,7267,15060,3293,1956,5249,11086,9223,20309
2015,Nordrhein-Westfalen,Saarland,575,642,1217,251,175,426,826,817,1643
2015,Nordrhein-Westfalen,Berlin,3757,4159,7916,1168,931,2099,4925,5090,10015
2015,Nordrhein-Westfalen,Brandenburg,1253,1248,2501,432,251,683,1685,1499,3184
2015,Nordrhein-Westfalen,Mecklenburg-Vorpommern,1094,1132,2226,263,139,402,1357,1271,2628
2015,Nordrhein-Westfalen,Sachsen,1923,1912,3835,818,384,1202,2741,2296,5037
2015,Nordrhein-Westfalen,Sachsen-Anhalt,1227,1194,2421,521,258,779,1748,1452,3200
2015,Nordrhein-Westfalen,Thueringen,1013,963,1976,602,329,931,1615,1292,2907
2015,Nordrhein-Westfalen,Insgesamt,61657,64000,125657,21861,13678,35539,83518,77678,161196
2015,Hessen,Schleswig-Holstein,1016,1199,2215,216,130,346,1232,1329,2561
2015,Hessen,Hamburg,1068,1138,2206,275,217,492,1343,1355,2698
2015,Hessen,Niedersachsen,3598,3898,7496,1021,624,1645,4619,4522,9141
2015,Hessen,Bremen,268,255,523,127,77,204,395,332,727
2015,Hessen,Nordrhein-Westfalen,6871,7588,14459,3218,2063,5281,10089,9651,19740
2015,Hessen,Hessen,0,0,0,0,0,0,0,0,0
2015,Hessen,Rheinland-Pfalz,6130,6629,12759,1940,1329,3269,8070,7958,16028
2015,Hessen,Baden-Wuerttemberg,6427,6617,13044,2946,1733,4679,9373,8350,17723
2015,Hessen,Bayern,6019,5971,11990,2557,1514,4071,8576,7485,16061
2015,Hessen,Saarland,324,335,659,158,115,273,482,450,932
2015,Hessen,Berlin,1757,1842,3599,564,461,1025,2321,2303,4624
2015,Hessen,Brandenburg,554,548,1102,104,80,184,658,628,1286
2015,Hessen,Mecklenburg-Vorpommern,408,392,800,134,58,192,542,450,992
2015,Hessen,Sachsen,1215,1202,2417,406,208,614,1621,1410,3031
2015,Hessen,Sachsen-Anhalt,605,600,1205,168,75,243,773,675,1448
2015,Hessen,Thueringen,1375,1490,2865,300,146,446,1675,1636,3311
2015,Hessen,Insgesamt,37635,39704,77339,14134,8830,22964,51769,48534,100303
2015,Rheinland-Pfalz,Schleswig-Holstein,482,526,1008,93,69,162,575,595,1170
2015,Rheinland-Pfalz,Hamburg,361,420,781,99,76,175,460,496,956
2015,Rheinland-Pfalz,Niedersachsen,1303,1319,2622,394,260,654,1697,1579,3276
2015,Rheinland-Pfalz,Bremen,92,113,205,50,28,78,142,141,283
2015,Rheinland-Pfalz,Nordrhein-Westfalen,7261,7691,14952,2126,1481,3607,9387,9172,18559
2015,Rheinland-Pfalz,Hessen,6150,6501,12651,1763,1291,3054,7913,7792,15705
2015,Rheinland-Pfalz,Rheinland-Pfalz,0,0,0,0,0,0,0,0,0
2015,Rheinland-Pfalz,Baden-Wuerttemberg,6354,6419,12773,2156,1457,3613,8510,7876,16386
2015,Rheinland-Pfalz,Bayern,2233,2286,4519,873,508,1381,3106,2794,5900
2015,Rheinland-Pfalz,Saarland,1985,2093,4078,313,266,579,2298,2359,4657
2015,Rheinland-Pfalz,Berlin,727,777,1504,214,183,397,941,960,1901
2015,Rheinland-Pfalz,Brandenburg,357,275,632,65,46,111,422,321,743
2015,Rheinland-Pfalz,Mecklenburg-Vorpommern,223,239,462,34,17,51,257,256,513
2015,Rheinland-Pfalz,Sachsen,572,510,1082,156,63,219,728,573,1301
2015,Rheinland-Pfalz,Sachsen-Anhalt,257,255,512,61,42,103,318,297,615
2015,Rheinland-Pfalz,Thueringen,282,300,582,103,44,147,385,344,729
2015,Rheinland-Pfalz,Insgesamt,28639,29724,58363,8500,5831,14331,37139,35555,72694
2015,Baden-Wuerttemberg,Schleswig-Holstein,1221,1300,2521,293,193,486,1514,1493,3007
2015,Baden-Wuerttemberg,Hamburg,1230,1425,2655,380,262,642,1610,1687,3297
2015,Baden-Wuerttemberg,Niedersachsen,3110,3039,6149,1087,655,1742,4197,3694,7891
2015,Baden-Wuerttemberg,Bremen,299,302,601,150,106,256,449,408,857
2015,Baden-Wuerttemberg,Nordrhein-Westfalen,6709,6878,13587,3396,2118,5514,10105,8996,19101
2015,Baden-Wuerttemberg,Hessen,6578,6794,13372,2628,1765,4393,9206,8559,17765
2015,Baden-Wuerttemberg,Rheinland-Pfalz,6013,6268,12281,2315,1525,3840,8328,7793,16121
2015,Baden-Wuerttemberg,Baden-Wuerttemberg,0,0,0,0,0,0,0,0,0
2015,Baden-Wuerttemberg,Bayern,14844,15456,30300,5790,3149,8939,20634,18605,39239
2015,Baden-Wuerttemberg,Saarland,637,657,1294,284,186,470,921,843,1764
2015,Baden-Wuerttemberg,Berlin,2603,2651,5254,816,612,1428,3419,3263,6682
2015,Baden-Wuerttemberg,Brandenburg,915,867,1782,185,100,285,1100,967,2067
2015,Baden-Wuerttemberg,Mecklenburg-Vorpommern,634,611,1245,123,83,206,757,694,1451
2015,Baden-Wuerttemberg,Sachsen,2238,2057,4295,510,291,801,2748,2348,5096
2015,Baden-Wuerttemberg,Sachsen-Anhalt,870,759,1629,230,112,342,1100,871,1971
2015,Baden-Wuerttemberg,Thueringen,1029,961,1990,293,168,461,1322,1129,2451
2015,Baden-Wuerttemberg,Insgesamt,48930,50025,98955,18480,11325,29805,67410,61350,128760
2015,Bayern,Schleswig-Holstein,1249,1408,2657,472,248,720,1721,1656,3377
2015,Bayern,Hamburg,1309,1532,2841,462,276,738,1771,1808,3579
2015,Bayern,Niedersachsen,3205,3070,6275,1361,736,2097,4566,3806,8372
2015,Bayern,Bremen,271,289,560,219,109,328,490,398,888
2015,Bayern,Nordrhein-Westfalen,6294,6187,12481,3878,2203,6081,10172,8390,18562
2015,Bayern,Hessen,5659,5403,11062,2355,1522,3877,8014,6925,14939
2015,Bayern,Rheinland-Pfalz,2010,1971,3981,901,510,1411,2911,2481,5392
2015,Bayern,Baden-Wuerttemberg,14135,14644,28779,5944,3272,9216,20079,17916,37995
2015,Bayern,Bayern,0,0,0,0,0,0,0,0,0
2015,Bayern,Saarland,354,302,656,217,110,327,571,412,983
2015,Bayern,Berlin,3083,3092,6175,968,761,1729,4051,3853,7904
2015,Bayern,Brandenburg,1122,1068,2190,241,130,371,1363,1198,2561
2015,Bayern,Mecklenburg-Vorpommern,640,611,1251,138,82,220,778,693,1471
2015,Bayern,Sachsen,3673,3314,6987,745,326,1071,4418,3640,8058
2015,Bayern,Sachsen-Anhalt,972,865,1837,319,127,446,1291,992,2283
2015,Bayern,Thueringen,2135,2067,4202,477,242,719,2612,2309,4921
2015,Bayern,Insgesamt,46111,45823,91934,18697,10654,29351,64808,56477,121285
2015,Saarland,Schleswig-Holstein,68,74,142,35,13,48,103,87,190
2015,Saarland,Hamburg,75,82,157,26,16,42,101,98,199
2015,Saarland,Niedersachsen,211,234,445,87,45,132,298,279,577
2015,Saarland,Bremen,22,22,44,13,4,17,35,26,61
2015,Saarland,Nordrhein-Westfalen,717,773,1490,623,320,943,1340,1093,2433
2015,Saarland,Hessen,461,503,964,185,118,303,646,621,1267
2015,Saarland,Rheinland-Pfalz,2128,2259,4387,347,336,683,2475,2595,5070
2015,Saarland,Baden-Wuerttemberg,883,950,1833,326,203,529,1209,1153,2362
2015,Saarland,Bayern,447,432,879,201,102,303,648,534,1182
2015,Saarland,Saarland,0,0,0,0,0,0,0,0,0
2015,Saarland,Berlin,172,170,342,69,58,127,241,228,469
2015,Saarland,Brandenburg,55,56,111,16,8,24,71,64,135
2015,Saarland,Mecklenburg-Vorpommern,39,42,81,12,1,13,51,43,94
2015,Saarland,Sachsen,111,92,203,39,12,51,150,104,254
2015,Saarland,Sachsen-Anhalt,48,43,91,22,1,23,70,44,114
2015,Saarland,Thueringen,52,51,103,22,9,31,74,60,134
2015,Saarland,Insgesamt,5489,5783,11272,2023,1246,3269,7512,7029,14541
2015,Berlin,Schleswig-Holstein,991,1084,2075,197,142,339,1188,1226,2414
2015,Berlin,Hamburg,1040,1140,2180,336,270,606,1376,1410,2786
2015,Berlin,Niedersachsen,2067,2176,4243,615,401,1016,2682,2577,5259
2015,Berlin,Bremen,228,252,480,90,77,167,318,329,647
2015,Berlin,Nordrhein-Westfalen,2990,3160,6150,1246,907,2153,4236,4067,8303
2015,Berlin,Hessen,1360,1442,2802,612,388,1000,1972,1830,3802
2015,Berlin,Rheinland-Pfalz,606,574,1180,186,134,320,792,708,1500
2015,Berlin,Baden-Wuerttemberg,2112,2162,4274,813,610,1423,2925,2772,5697
2015,Berlin,Bayern,2631,2557,5188,899,623,1522,3530,3180,6710
2015,Berlin,Saarland,117,107,224,44,38,82,161,145,306
2015,Berlin,Berlin,0,0,0,0,0,0,0,0,0
2015,Berlin,Brandenburg,14073,14116,28189,1472,1169,2641,15545,15285,30830
2015,Berlin,Mecklenburg-Vorpommern,1365,1433,2798,186,118,304,1551,1551,3102
2015,Berlin,Sachsen,1466,1654,3120,552,329,881,2018,1983,4001
2015,Berlin,Sachsen-Anhalt,878,935,1813,391,290,681,1269,1225,2494
2015,Berlin,Thueringen,525,563,1088,155,117,272,680,680,1360
2015,Berlin,Insgesamt,32449,33355,65804,7794,5613,13407,40243,38968,79211
2015,Brandenburg,Schleswig-Holstein,504,494,998,56,36,92,560,530,1090
2015,Brandenburg,Hamburg,347,331,678,68,42,110,415,373,788
2015,Brandenburg,Niedersachsen,1044,1019,2063,268,131,399,1312,1150,2462
2015,Brandenburg,Bremen,80,57,137,32,9,41,112,66,178
2015,Brandenburg,Nordrhein-Westfalen,1018,913,1931,607,278,885,1625,1191,2816
2015,Brandenburg,Hessen,495,446,941,161,88,249,656,534,1190
2015,Brandenburg,Rheinland-Pfalz,235,203,438,63,31,94,298,234,532
2015,Brandenburg,Baden-Wuerttemberg,917,771,1688,217,119,336,1134,890,2024
2015,Brandenburg,Bayern,1064,931,1995,264,143,407,1328,1074,2402
2015,Brandenburg,Saarland,44,36,80,16,10,26,60,46,106
2015,Brandenburg,Berlin,8162,7565,15727,1601,1113,2714,9763,8678,18441
2015,Brandenburg,Brandenburg,0,0,0,0,0,0,0,0,0
2015,Brandenburg,Mecklenburg-Vorpommern,1519,1576,3095,87,42,129,1606,1618,3224
2015,Brandenburg,Sachsen,2266,2168,4434,197,103,300,2463,2271,4734
2015,Brandenburg,Sachsen-Anhalt,1080,1174,2254,163,65,228,1243,1239,2482
2015,Brandenburg,Thueringen,400,408,808,53,21,74,453,429,882
2015,Brandenburg,Insgesamt,19175,18092,37267,3853,2231,6084,23028,20323,43351
2015,Mecklenburg-Vorpommern,Schleswig-Holstein,1935,1848,3783,302,179,481,2237,2027,4264
2015,Mecklenburg-Vorpommern,Hamburg,1144,989,2133,710,571,1281,1854,1560,3414
2015,Mecklenburg-Vorpommern,Niedersachsen,1414,1437,2851,414,218,632,1828,1655,3483
2015,Mecklenburg-Vorpommern,Bremen,122,113,235,68,25,93,190,138,328
2015,Mecklenburg-Vorpommern,Nordrhein-Westfalen,868,875,1743,719,343,1062,1587,1218,2805
2015,Mecklenburg-Vorpommern,Hessen,335,287,622,153,77,230,488,364,852
2015,Mecklenburg-Vorpommern,Rheinland-Pfalz,187,153,340,84,39,123,271,192,463
2015,Mecklenburg-Vorpommern,Baden-Wuerttemberg,505,460,965,216,117,333,721,577,1298
2015,Mecklenburg-Vorpommern,Bayern,553,478,1031,240,93,333,793,571,1364
2015,Mecklenburg-Vorpommern,Saarland,19,16,35,15,7,22,34,23,57
2015,Mecklenburg-Vorpommern,Berlin,1201,1299,2500,335,225,560,1536,1524,3060
2015,Mecklenburg-Vorpommern,Brandenburg,1240,1323,2563,90,71,161,1330,1394,2724
2015,Mecklenburg-Vorpommern,Mecklenburg-Vorpommern,0,0,0,0,0,0,0,0,0
2015,Mecklenburg-Vorpommern,Sachsen,777,772,1549,84,47,131,861,819,1680
2015,Mecklenburg-Vorpommern,Sachsen-Anhalt,395,411,806,49,31,80,444,442,886
2015,Mecklenburg-Vorpommern,Thueringen,300,266,566,47,23,70,347,289,636
2015,Mecklenburg-Vorpommern,Insgesamt,10995,10727,21722,3526,2066,5592,14521,12793,27314
2015,Sachsen,Schleswig-Holstein,422,490,912,149,78,227,571,568,1139
2015,Sachsen,Hamburg,395,448,843,128,75,203,523,523,1046
2015,Sachsen,Niedersachsen,1339,1257,2596,538,230,768,1877,1487,3364
2015,Sachsen,Bremen,95,91,186,52,21,73,147,112,259
2015,Sachsen,Nordrhein-Westfalen,1667,1588,3255,1165,545,1710,2832,2133,4965
2015,Sachsen,Hessen,1007,980,1987,382,230,612,1389,1210,2599
2015,Sachsen,Rheinland-Pfalz,483,477,960,180,76,256,663,553,1216
2015,Sachsen,Baden-Wuerttemberg,2028,1679,3707,669,351,1020,2697,2030,4727
2015,Sachsen,Bayern,3357,2828,6185,834,467,1301,4191,3295,7486
2015,Sachsen,Saarland,56,71,127,36,20,56,92,91,183
2015,Sachsen,Berlin,1598,1802,3400,650,399,1049,2248,2201,4449
2015,Sachsen,Brandenburg,1903,1896,3799,141,105,246,2044,2001,4045
2015,Sachsen,Mecklenburg-Vorpommern,757,810,1567,72,40,112,829,850,1679
2015,Sachsen,Sachsen,0,0,0,0,0,0,0,0,0
2015,Sachsen,Sachsen-Anhalt,2351,2340,4691,320,145,465,2671,2485,5156
2015,Sachsen,Thueringen,2165,2144,4309,251,149,400,2416,2293,4709
2015,Sachsen,Insgesamt,19623,18901,38524,5567,2931,8498,25190,21832,47022
2015,Sachsen-Anhalt,Schleswig-Holstein,366,372,738,102,54,156,468,426,894
2015,Sachsen-Anhalt,Hamburg,296,296,592,111,56,167,407,352,759
2015,Sachsen-Anhalt,Niedersachsen,2904,2686,5590,655,418,1073,3559,3104,6663
2015,Sachsen-Anhalt,Bremen,82,91,173,64,15,79,146,106,252
2015,Sachsen-Anhalt,Nordrhein-Westfalen,1108,1117,2225,1129,480,1609,2237,1597,3834
2015,Sachsen-Anhalt,Hessen,603,554,1157,290,152,442,893,706,1599
2015,Sachsen-Anhalt,Rheinland-Pfalz,269,268,537,117,63,180,386,331,717
2015,Sachsen-Anhalt,Baden-Wuerttemberg,826,779,1605,364,185,549,1190,964,2154
2015,Sachsen-Anhalt,Bayern,1043,926,1969,354,157,511,1397,1083,2480
2015,Sachsen-Anhalt,Saarland,41,36,77,22,3,25,63,39,102
2015,Sachsen-Anhalt,Berlin,994,1057,2051,422,235,657,1416,1292,2708
2015,Sachsen-Anhalt,Brandenburg,1085,1260,2345,130,73,203,1215,1333,2548
2015,Sachsen-Anhalt,Mecklenburg-Vorpommern,546,611,1157,42,13,55,588,624,1212
2015,Sachsen-Anhalt,Sachsen,3243,3261,6504,453,225,678,3696,3486,7182
2015,Sachsen-Anhalt,Sachsen-Anhalt,0,0,0,0,0,0,0,0,0
2015,Sachsen-Anhalt,Thueringen,1351,1400,2751,126,70,196,1477,1470,2947
2015,Sachsen-Anhalt,Insgesamt,14757,14714,29471,4381,2199,6580,19138,16913,36051
2015,Thueringen,Schleswig-Holstein,292,268,560,79,33,112,371,301,672
2015,Thueringen,Hamburg,239,205,444,74,57,131,313,262,575
2015,Thueringen,Niedersachsen,1186,1191,2377,334,160,494,1520,1351,2871
2015,Thueringen,Bremen,46,69,115,36,11,47,82,80,162
2015,Thueringen,Nordrhein-Westfalen,1051,1022,2073,976,433,1409,2027,1455,3482
2015,Thueringen,Hessen,1591,1529,3120,397,230,627,1988,1759,3747
2015,Thueringen,Rheinland-Pfalz,312,316,628,122,89,211,434,405,839
2015,Thueringen,Baden-Wuerttemberg,1210,1034,2244,471,279,750,1681,1313,2994
2015,Thueringen,Bayern,2558,2295,4853,624,337,961,3182,2632,5814
2015,Thueringen,Saarland,69,41,110,25,15,40,94,56,150
2015,Thueringen,Berlin,715,806,1521,216,161,377,931,967,1898
2015,Thueringen,Brandenburg,428,460,888,74,28,102,502,488,990
2015,Thueringen,Mecklenburg-Vorpommern,307,339,646,36,30,66,343,369,712
2015,Thueringen,Sachsen,2997,3050,6047,298,195,493,3295,3245,6540
2015,Thueringen,Sachsen-Anhalt,1258,1319,2577,114,62,176,1372,1381,2753
2015,Thueringen,Thueringen,0,0,0,0,0,0,0,0,0
2015,Thueringen,Insgesamt,14259,13944,28203,3876,2120,5996,18135,16064,34199
2015,Insgesamt,Schleswig-Holstein,25938,27750,53688,5179,3415,8594,31117,31165,62282
2015,Insgesamt,Hamburg,24768,26190,50958,6233,4706,10939,31001,30896,61897
2015,Insgesamt,Niedersachsen,51522,53088,104610,13334,8126,21460,64856,61214,126070
2015,Insgesamt,Bremen,8013,8354,16367,2431,1584,4015,10444,9938,20382
2015,Insgesamt,Nordrhein-Westfalen,54055,56583,110638,25271,15328,40599,79326,71911,151237
2015,Insgesamt,Hessen,36711,37499,74210,13667,9043,22710,50378,46542,96920
2015,Insgesamt,Rheinland-Pfalz,27653,28811,56464,8800,5928,14728,36453,34739,71192
2015,Insgesamt,Baden-Wuerttemberg,48644,48810,97454,20379,12200,32579,69023,61010,130033
2015,Insgesamt,Bayern,48666,47427,96093,18491,10712,29203,67157,58139,125296
2015,Insgesamt,Saarland,4552,4673,9225,1539,1049,2588,6091,5722,11813
2015,Insgesamt,Berlin,29657,30455,60112,8307,6164,14471,37964,36619,74583
2015,Insgesamt,Brandenburg,25002,25148,50150,3251,2265,5516,28253,27413,55666
2015,Insgesamt,Mecklenburg-Vorpommern,11923,12192,24115,1730,991,2721,13653,13183,26836
2015,Insgesamt,Sachsen,22866,22374,45240,4846,2597,7443,27712,24971,52683
2015,Insgesamt,Sachsen-Anhalt,13173,13240,26413,2788,1472,4260,15961,14712,30673
2015,Insgesamt,Thueringen,12066,12142,24208,2755,1543,4298,14821,13685,28506
2015,Insgesamt,Insgesamt,445209,454736,899945,139001,87123,226124,584210,541859,1126069
2016,Schleswig-Holstein,Schleswig-Holstein,0,0,0,0,0,0,0,0,0
2016,Schleswig-Holstein,Hamburg,8224,8901,17125,1447,1246,2693,9671,10147,19818
2016,Schleswig-Holstein,Niedersachsen,4023,4309,8332,818,460,1278,4841,4769,9610
2016,Schleswig-Holstein,Bremen,400,474,874,193,80,273,593,554,1147
2016,Schleswig-Holstein,Nordrhein-Westfalen,2219,2402,4621,1132,639,1771,3351,3041,6392
2016,Schleswig-Holstein,Hessen,742,846,1588,274,169,443,1016,1015,2031
2016,Schleswig-Holstein,Rheinland-Pfalz,396,425,821,105,68,173,501,493,994
2016,Schleswig-Holstein,Baden-Wuerttemberg,1165,1176,2341,371,226,597,1536,1402,2938
2016,Schleswig-Holstein,Bayern,1248,1232,2480,501,258,759,1749,1490,3239
2016,Schleswig-Holstein,Saarland,63,68,131,33,27,60,96,95,191
2016,Schleswig-Holstein,Berlin,1030,1220,2250,252,181,433,1282,1401,2683
2016,Schleswig-Holstein,Brandenburg,493,506,999,88,45,133,581,551,1132
2016,Schleswig-Holstein,Mecklenburg-Vorpommern,2059,2032,4091,206,101,307,2265,2133,4398
2016,Schleswig-Holstein,Sachsen,493,491,984,103,57,160,596,548,1144
2016,Schleswig-Holstein,Sachsen-Anhalt,370,358,728,77,37,114,447,395,842
2016,Schleswig-Holstein,Thueringen,237,237,474,66,54,120,303,291,594
2016,Schleswig-Holstein,Insgesamt,23162,24677,47839,5666,3648,9314,28828,28325,57153
2016,Hamburg,Schleswig-Holstein,10256,10974,21230,1825,1345,3170,12081,12319,24400
2016,Hamburg,Hamburg,0,0,0,0,0,0,0,0,0
2016,Hamburg,Niedersachsen,5865,6083,11948,1105,836,1941,6970,6919,13889
2016,Hamburg,Bremen,404,469,873,135,88,223,539,557,1096
2016,Hamburg,Nordrhein-Westfalen,1859,2058,3917,744,521,1265,2603,2579,5182
2016,Hamburg,Hessen,762,779,1541,285,213,498,1047,992,2039
2016,Hamburg,Rheinland-Pfalz,251,298,549,103,64,167,354,362,716
2016,Hamburg,Baden-Wuerttemberg,959,1064,2023,365,201,566,1324,1265,2589
2016,Hamburg,Bayern,1177,1226,2403,386,278,664,1563,1504,3067
2016,Hamburg,Saarland,35,36,71,31,15,46,66,51,117
2016,Hamburg,Berlin,1403,1553,2956,380,314,694,1783,1867,3650
2016,Hamburg,Brandenburg,343,302,645,63,39,102,406,341,747
2016,Hamburg,Mecklenburg-Vorpommern,940,915,1855,205,144,349,1145,1059,2204
2016,Hamburg,Sachsen,315,331,646,74,46,120,389,377,766
2016,Hamburg,Sachsen-Anhalt,189,201,390,68,37,105,257,238,495
2016,Hamburg,Thueringen,153,140,293,40,35,75,193,175,368
2016,Hamburg,Insgesamt,24911,26429,51340,5809,4176,9985,30720,30605,61325
2016,Niedersachsen,Schleswig-Holstein,4018,4392,8410,669,473,1142,4687,4865,9552
2016,Niedersachsen,Hamburg,5534,6120,11654,991,788,1779,6525,6908,13433
2016,Niedersachsen,Niedersachsen,0,0,0,0,0,0,0,0,0
2016,Niedersachsen,Bremen,5853,5947,11800,1272,950,2222,7125,6897,14022
2016,Niedersachsen,Nordrhein-Westfalen,12317,13408,25725,4939,3385,8324,17256,16793,34049
2016,Niedersachsen,Hessen,3355,3504,6859,1162,826,1988,4517,4330,8847
2016,Niedersachsen,Rheinland-Pfalz,1211,1328,2539,539,365,904,1750,1693,3443
2016,Niedersachsen,Baden-Wuerttemberg,3428,3285,6713,1663,1094,2757,5091,4379,9470
2016,Niedersachsen,Bayern,3577,3367,6944,1634,1077,2711,5211,4444,9655
2016,Niedersachsen,Saarland,169,182,351,134,93,227,303,275,578
2016,Niedersachsen,Berlin,2754,2963,5717,760,538,1298,3514,3501,7015
2016,Niedersachsen,Brandenburg,1091,1123,2214,309,168,477,1400,1291,2691
2016,Niedersachsen,Mecklenburg-Vorpommern,1461,1430,2891,271,150,421,1732,1580,3312
2016,Niedersachsen,Sachsen,1493,1478,2971,462,243,705,1955,1721,3676
2016,Niedersachsen,Sachsen-Anhalt,2681,2597,5278,492,299,791,3173,2896,6069
2016,Niedersachsen,Thueringen,1048,1068,2116,281,197,478,1329,1265,2594
2016,Niedersachsen,Insgesamt,49990,52192,102182,15578,10646,26224,65568,62838,128406
2016,Bremen,Schleswig-Holstein,371,410,781,105,52,157,476,462,938
2016,Bremen,Hamburg,521,587,1108,142,116,258,663,703,1366
2016,Bremen,Niedersachsen,6052,6422,12474,1047,786,1833,7099,7208,14307
2016,Bremen,Bremen,0,0,0,0,0,0,0,0,0
2016,Bremen,Nordrhein-Westfalen,805,820,1625,439,316,755,1244,1136,2380
2016,Bremen,Hessen,262,224,486,131,109,240,393,333,726
2016,Bremen,Rheinland-Pfalz,106,98,204,65,33,98,171,131,302
2016,Bremen,Baden-Wuerttemberg,352,322,674,217,127,344,569,449,1018
2016,Bremen,Bayern,377,319,696,227,155,382,604,474,1078
2016,Bremen,Saarland,16,20,36,11,7,18,27,27,54
2016,Bremen,Berlin,356,428,784,167,146,313,523,574,1097
2016,Bremen,Brandenburg,76,88,164,23,13,36,99,101,200
2016,Bremen,Mecklenburg-Vorpommern,108,124,232,60,38,98,168,162,330
2016,Bremen,Sachsen,140,116,256,42,17,59,182,133,315
2016,Bremen,Sachsen-Anhalt,83,82,165,41,21,62,124,103,227
2016,Bremen,Thueringen,62,55,117,30,10,40,92,65,157
2016,Bremen,Insgesamt,9687,10115,19802,2747,1946,4693,12434,12061,24495
2016,Nordrhein-Westfalen,Schleswig-Holstein,2902,3212,6114,652,394,1046,3554,3606,7160
2016,Nordrhein-Westfalen,Hamburg,2705,3140,5845,711,472,1183,3416,3612,7028
2016,Nordrhein-Westfalen,Niedersachsen,14047,15124,29171,4026,2581,6607,18073,17705,35778
2016,Nordrhein-Westfalen,Bremen,952,1084,2036,500,308,808,1452,1392,2844
2016,Nordrhein-Westfalen,Nordrhein-Westfalen,0,0,0,0,0,0,0,0,0
2016,Nordrhein-Westfalen,Hessen,7258,7598,14856,3102,2031,5133,10360,9629,19989
2016,Nordrhein-Westfalen,Rheinland-Pfalz,7646,7964,15610,2145,1456,3601,9791,9420,19211
2016,Nordrhein-Westfalen,Baden-Wuerttemberg,7571,7251,14822,4052,2457,6509,11623,9708,21331
2016,Nordrhein-Westfalen,Bayern,7847,7582,15429,3680,2168,5848,11527,9750,21277
2016,Nordrhein-Westfalen,Saarland,602,592,1194,376,234,610,978,826,1804
2016,Nordrhein-Westfalen,Berlin,4707,4983,9690,1429,1136,2565,6136,6119,12255
2016,Nordrhein-Westfalen,Brandenburg,1310,1298,2608,459,264,723,1769,1562,3331
2016,Nordrhein-Westfalen,Mecklenburg-Vorpommern,1111,1141,2252,390,196,586,1501,1337,2838
2016,Nordrhein-Westfalen,Sachsen,1940,1848,3788,827,423,1250,2767,2271,5038
2016,Nordrhein-Westfalen,Sachsen-Anhalt,1174,1099,2273,549,243,792,1723,1342,3065
2016,Nordrhein-Westfalen,Thueringen,1000,1039,2039,551,331,882,1551,1370,2921
2016,Nordrhein-Westfalen,Insgesamt,62772,64955,127727,23449,14694,38143,86221,79649,165870
2016,Hessen,Schleswig-Holstein,1030,1232,2262,221,145,366,1251,1377,2628
2016,Hessen,Hamburg,1017,1158,2175,264,222,486,1281,1380,2661
2016,Hessen,Niedersachsen,3484,3971,7455,1116,686,1802,4600,4657,9257
2016,Hessen,Bremen,270,304,574,146,100,246,416,404,820
2016,Hessen,Nordrhein-Westfalen,6659,7498,14157,3660,2284,5944,10319,9782,20101
2016,Hessen,Hessen,0,0,0,0,0,0,0,0,0
2016,Hessen,Rheinland-Pfalz,6408,6836,13244,2300,1480,3780,8708,8316,17024
2016,Hessen,Baden-Wuerttemberg,6520,6731,13251,3178,1835,5013,9698,8566,18264
2016,Hessen,Bayern,6014,6157,12171,2675,1622,4297,8689,7779,16468
2016,Hessen,Saarland,308,353,661,152,100,252,460,453,913
2016,Hessen,Berlin,2129,2229,4358,744,535,1279,2873,2764,5637
2016,Hessen,Brandenburg,586,529,1115,259,116,375,845,645,1490
2016,Hessen,Mecklenburg-Vorpommern,422,455,877,80,53,133,502,508,1010
2016,Hessen,Sachsen,1277,1244,2521,532,228,760,1809,1472,3281
2016,Hessen,Sachsen-Anhalt,561,565,1126,296,111,407,857,676,1533
2016,Hessen,Thueringen,1365,1418,2783,482,177,659,1847,1595,3442
2016,Hessen,Insgesamt,38050,40680,78730,16105,9694,25799,54155,50374,104529
2016,Rheinland-Pfalz,Schleswig-Holstein,446,523,969,122,78,200,568,601,1169
2016,Rheinland-Pfalz,Hamburg,356,416,772,93,79,172,449,495,944
2016,Rheinland-Pfalz,Niedersachsen,1305,1334,2639,433,282,715,1738,1616,3354
2016,Rheinland-Pfalz,Bremen,141,112,253,100,61,161,241,173,414
2016,Rheinland-Pfalz,Nordrhein-Westfalen,6980,7628,14608,2427,1490,3917,9407,9118,18525
2016,Rheinland-Pfalz,Hessen,6254,6556,12810,2077,1422,3499,8331,7978,16309
2016,Rheinland-Pfalz,Rheinland-Pfalz,0,0,0,0,0,0,0,0,0
2016,Rheinland-Pfalz,Baden-Wuerttemberg,6476,6494,12970,2342,1515,3857,8818,8009,16827
2016,Rheinland-Pfalz,Bayern,2315,2250,4565,953,569,1522,3268,2819,6087
2016,Rheinland-Pfalz,Saarland,1868,1965,3833,418,309,727,2286,2274,4560
2016,Rheinland-Pfalz,Berlin,888,912,1800,286,201,487,1174,1113,2287
2016,Rheinland-Pfalz,Brandenburg,289,304,593,81,33,114,370,337,707
2016,Rheinland-Pfalz,Mecklenburg-Vorpommern,191,193,384,45,25,70,236,218,454
2016,Rheinland-Pfalz,Sachsen,530,505,1035,189,78,267,719,583,1302
2016,Rheinland-Pfalz,Sachsen-Anhalt,243,236,479,101,43,144,344,279,623
2016,Rheinland-Pfalz,Thueringen,307,304,611,97,38,135,404,342,746
2016,Rheinland-Pfalz,Insgesamt,28589,29732,58321,9764,6223,15987,38353,35955,74308
2016,Baden-Wuerttemberg,Schleswig-Holstein,1247,1438,2685,345,226,571,1592,1664,3256
2016,Baden-Wuerttemberg,Hamburg,1210,1343,2553,337,233,570,1547,1576,3123
2016,Baden-Wuerttemberg,Niedersachsen,2960,3136,6096,1555,836,2391,4515,3972,8487
2016,Baden-Wuerttemberg,Bremen,312,326,638,209,123,332,521,449,970
2016,Baden-Wuerttemberg,Nordrhein-Westfalen,6564,6876,13440,4606,2822,7428,11170,9698,20868
2016,Baden-Wuerttemberg,Hessen,6572,6939,13511,3050,1933,4983,9622,8872,18494
2016,Baden-Wuerttemberg,Rheinland-Pfalz,6309,6544,12853,2717,1737,4454,9026,8281,17307
2016,Baden-Wuerttemberg,Baden-Wuerttemberg,0,0,0,0,0,0,0,0,0
2016,Baden-Wuerttemberg,Bayern,15189,15431,30620,6211,3749,9960,21400,19180,40580
2016,Baden-Wuerttemberg,Saarland,637,652,1289,304,196,500,941,848,1789
2016,Baden-Wuerttemberg,Berlin,3194,3329,6523,922,722,1644,4116,4051,8167
2016,Baden-Wuerttemberg,Brandenburg,916,891,1807,259,129,388,1175,1020,2195
2016,Baden-Wuerttemberg,Mecklenburg-Vorpommern,659,588,1247,150,100,250,809,688,1497
2016,Baden-Wuerttemberg,Sachsen,2282,2085,4367,618,323,941,2900,2408,5308
2016,Baden-Wuerttemberg,Sachsen-Anhalt,832,790,1622,290,131,421,1122,921,2043
2016,Baden-Wuerttemberg,Thueringen,1113,1027,2140,364,197,561,1477,1224,2701
2016,Baden-Wuerttemberg,Insgesamt,49996,51395,101391,21937,13457,35394,71933,64852,136785
2016,Bayern,Schleswig-Holstein,1241,1400,2641,591,294,885,1832,1694,3526
2016,Bayern,Hamburg,1395,1566,2961,455,278,733,1850,1844,3694
2016,Bayern,Niedersachsen,3076,3027,6103,1732,905,2637,4808,3932,8740
2016,Bayern,Bremen,331,331,662,324,165,489,655,496,1151
2016,Bayern,Nordrhein-Westfalen,6401,6423,12824,6196,3308,9504,12597,9731,22328
2016,Bayern,Hessen,5672,5706,11378,2913,1613,4526,8585,7319,15904
2016,Bayern,Rheinland-Pfalz,2080,2063,4143,1107,566,1673,3187,2629,5816
2016,Bayern,Baden-Wuerttemberg,14011,14460,28471,6508,3494,10002,20519,17954,38473
2016,Bayern,Bayern,0,0,0,0,0,0,0,0,0
2016,Bayern,Saarland,359,348,707,268,136,404,627,484,1111
2016,Bayern,Berlin,3612,3767,7379,1265,894,2159,4877,4661,9538
2016,Bayern,Brandenburg,1174,1042,2216,535,170,705,1709,1212,2921
2016,Bayern,Mecklenburg-Vorpommern,667,609,1276,208,98,306,875,707,1582
2016,Bayern,Sachsen,3552,3327,6879,1077,403,1480,4629,3730,8359
2016,Bayern,Sachsen-Anhalt,957,884,1841,603,202,805,1560,1086,2646
2016,Bayern,Thueringen,2127,2060,4187,599,287,886,2726,2347,5073
2016,Bayern,Insgesamt,46655,47013,93668,24381,12813,37194,71036,59826,130862
2016,Saarland,Schleswig-Holstein,76,84,160,66,42,108,142,126,268
2016,Saarland,Hamburg,82,86,168,37,17,54,119,103,222
2016,Saarland,Niedersachsen,201,224,425,170,73,243,371,297,668
2016,Saarland,Bremen,22,25,47,27,16,43,49,41,90
2016,Saarland,Nordrhein-Westfalen,673,725,1398,956,522,1478,1629,1247,2876
2016,Saarland,Hessen,440,538,978,206,125,331,646,663,1309
2016,Saarland,Rheinland-Pfalz,2215,2440,4655,487,349,836,2702,2789,5491
2016,Saarland,Baden-Wuerttemberg,872,892,1764,407,220,627,1279,1112,2391
2016,Saarland,Bayern,468,493,961,257,113,370,725,606,1331
2016,Saarland,Saarland,0,0,0,0,0,0,0,0,0
2016,Saarland,Berlin,211,196,407,112,58,170,323,254,577
2016,Saarland,Brandenburg,60,45,105,21,8,29,81,53,134
2016,Saarland,Mecklenburg-Vorpommern,40,42,82,20,7,27,60,49,109
2016,Saarland,Sachsen,88,70,158,41,17,58,129,87,216
2016,Saarland,Sachsen-Anhalt,46,46,92,32,16,48,78,62,140
2016,Saarland,Thueringen,48,37,85,23,8,31,71,45,116
2016,Saarland,Insgesamt,5542,5943,11485,2862,1591,4453,8404,7534,15938
2016,Berlin,Schleswig-Holstein,915,1086,2001,248,156,404,1163,1242,2405
2016,Berlin,Hamburg,918,1115,2033,357,265,622,1275,1380,2655
2016,Berlin,Niedersachsen,2059,2117,4176,684,408,1092,2743,2525,5268
2016,Berlin,Bremen,215,271,486,125,99,224,340,370,710
2016,Berlin,Nordrhein-Westfalen,2710,3070,5780,1249,913,2162,3959,3983,7942
2016,Berlin,Hessen,1336,1340,2676,546,441,987,1882,1781,3663
2016,Berlin,Rheinland-Pfalz,597,582,1179,241,156,397,838,738,1576
2016,Berlin,Baden-Wuerttemberg,2127,2169,4296,800,597,1397,2927,2766,5693
2016,Berlin,Bayern,2538,2593,5131,897,666,1563,3435,3259,6694
2016,Berlin,Saarland,116,95,211,48,30,78,164,125,289
2016,Berlin,Berlin,0,0,0,0,0,0,0,0,0
2016,Berlin,Brandenburg,14842,14637,29479,1707,1323,3030,16549,15960,32509
2016,Berlin,Mecklenburg-Vorpommern,1393,1437,2830,209,140,349,1602,1577,3179
2016,Berlin,Sachsen,1493,1568,3061,507,335,842,2000,1903,3903
2016,Berlin,Sachsen-Anhalt,922,947,1869,335,200,535,1257,1147,2404
2016,Berlin,Thueringen,539,554,1093,159,98,257,698,652,1350
2016,Berlin,Insgesamt,32720,33581,66301,8112,5827,13939,40832,39408,80240
2016,Brandenburg,Schleswig-Holstein,503,493,996,139,57,196,642,550,1192
2016,Brandenburg,Hamburg,321,317,638,79,54,133,400,371,771
2016,Brandenburg,Niedersachsen,1080,1013,2093,537,256,793,1617,1269,2886
2016,Brandenburg,Bremen,99,89,188,90,35,125,189,124,313
2016,Brandenburg,Nordrhein-Westfalen,923,942,1865,2104,910,3014,3027,1852,4879
2016,Brandenburg,Hessen,427,393,820,204,92,296,631,485,1116
2016,Brandenburg,Rheinland-Pfalz,299,281,580,144,59,203,443,340,783
2016,Brandenburg,Baden-Wuerttemberg,769,683,1452,335,168,503,1104,851,1955
2016,Brandenburg,Bayern,980,827,1807,436,152,588,1416,979,2395
2016,Brandenburg,Saarland,33,32,65,40,13,53,73,45,118
2016,Brandenburg,Berlin,8945,8335,17280,2355,1474,3829,11300,9809,21109
2016,Brandenburg,Brandenburg,0,0,0,0,0,0,0,0,0
2016,Brandenburg,Mecklenburg-Vorpommern,1585,1721,3306,114,58,172,1699,1779,3478
2016,Brandenburg,Sachsen,2162,2138,4300,269,139,408,2431,2277,4708
2016,Brandenburg,Sachsen-Anhalt,1050,1155,2205,220,97,317,1270,1252,2522
2016,Brandenburg,Thueringen,385,378,763,89,43,132,474,421,895
2016,Brandenburg,Insgesamt,19561,18797,38358,7155,3607,10762,26716,22404,49120
2016,Mecklenburg-Vorpommern,Schleswig-Holstein,1895,1801,3696,399,178,577,2294,1979,4273
2016,Mecklenburg-Vorpommern,Hamburg,980,907,1887,369,245,614,1349,1152,2501
2016,Mecklenburg-Vorpommern,Niedersachsen,1297,1275,2572,825,402,1227,2122,1677,3799
2016,Mecklenburg-Vorpommern,Bremen,134,118,252,266,160,426,400,278,678
2016,Mecklenburg-Vorpommern,Nordrhein-Westfalen,845,817,1662,3359,1573,4932,4204,2390,6594
2016,Mecklenburg-Vorpommern,Hessen,300,296,596,278,108,386,578,404,982
2016,Mecklenburg-Vorpommern,Rheinland-Pfalz,174,187,361,162,57,219,336,244,580
2016,Mecklenburg-Vorpommern,Baden-Wuerttemberg,466,453,919,360,146,506,826,599,1425
2016,Mecklenburg-Vorpommern,Bayern,538,475,1013,326,137,463,864,612,1476
2016,Mecklenburg-Vorpommern,Saarland,25,23,48,68,30,98,93,53,146
2016,Mecklenburg-Vorpommern,Berlin,1313,1364,2677,554,306,860,1867,1670,3537
2016,Mecklenburg-Vorpommern,Brandenburg,1270,1362,2632,257,133,390,1527,1495,3022
2016,Mecklenburg-Vorpommern,Mecklenburg-Vorpommern,0,0,0,0,0,0,0,0,0
2016,Mecklenburg-Vorpommern,Sachsen,746,674,1420,203,112,315,949,786,1735
2016,Mecklenburg-Vorpommern,Sachsen-Anhalt,440,438,878,148,57,205,588,495,1083
2016,Mecklenburg-Vorpommern,Thueringen,264,258,522,93,36,129,357,294,651
2016,Mecklenburg-Vorpommern,Insgesamt,10687,10448,21135,7667,3680,11347,18354,14128,32482
2016,Sachsen,Schleswig-Holstein,450,453,903,219,106,325,669,559,1228
2016,Sachsen,Hamburg,442,406,848,148,93,241,590,499,1089
2016,Sachsen,Niedersachsen,1284,1200,2484,840,376,1216,2124,1576,3700
2016,Sachsen,Bremen,142,115,257,126,77,203,268,192,460
2016,Sachsen,Nordrhein-Westfalen,1644,1534,3178,2380,1086,3466,4024,2620,6644
2016,Sachsen,Hessen,1067,1013,2080,475,257,732,1542,1270,2812
2016,Sachsen,Rheinland-Pfalz,415,448,863,289,107,396,704,555,1259
2016,Sachsen,Baden-Wuerttemberg,1865,1666,3531,907,466,1373,2772,2132,4904
2016,Sachsen,Bayern,3097,2709,5806,1059,582,1641,4156,3291,7447
2016,Sachsen,Saarland,67,69,136,109,43,152,176,112,288
2016,Sachsen,Berlin,1959,1989,3948,824,506,1330,2783,2495,5278
2016,Sachsen,Brandenburg,1902,1988,3890,248,110,358,2150,2098,4248
2016,Sachsen,Mecklenburg-Vorpommern,756,785,1541,99,36,135,855,821,1676
2016,Sachsen,Sachsen,0,0,0,0,0,0,0,0,0
2016,Sachsen,Sachsen-Anhalt,2546,2544,5090,414,200,614,2960,2744,5704
2016,Sachsen,Thueringen,2130,2146,4276,304,174,478,2434,2320,4754
2016,Sachsen,Insgesamt,19766,19065,38831,8441,4219,12660,28207,23284,51491
2016,Sachsen-Anhalt,Schleswig-Holstein,401,399,800,191,79,270,592,478,1070
2016,Sachsen-Anhalt,Hamburg,273,248,521,172,86,258,445,334,779
2016,Sachsen-Anhalt,Niedersachsen,2649,2726,5375,1031,569,1600,3680,3295,6975
2016,Sachsen-Anhalt,Bremen,75,75,150,154,78,232,229,153,382
2016,Sachsen-Anhalt,Nordrhein-Westfalen,1083,1140,2223,2191,1092,3283,3274,2232,5506
2016,Sachsen-Anhalt,Hessen,475,533,1008,344,160,504,819,693,1512
2016,Sachsen-Anhalt,Rheinland-Pfalz,247,250,497,152,79,231,399,329,728
2016,Sachsen-Anhalt,Baden-Wuerttemberg,753,735,1488,466,235,701,1219,970,2189
2016,Sachsen-Anhalt,Bayern,1020,962,1982,489,261,750,1509,1223,2732
2016,Sachsen-Anhalt,Saarland,38,25,63,88,23,111,126,48,174
2016,Sachsen-Anhalt,Berlin,1072,1195,2267,581,326,907,1653,1521,3174
2016,Sachsen-Anhalt,Brandenburg,1092,1213,2305,227,122,349,1319,1335,2654
2016,Sachsen-Anhalt,Mecklenburg-Vorpommern,559,628,1187,97,34,131,656,662,1318
2016,Sachsen-Anhalt,Sachsen,3236,3108,6344,563,289,852,3799,3397,7196
2016,Sachsen-Anhalt,Sachsen-Anhalt,0,0,0,0,0,0,0,0,0
2016,Sachsen-Anhalt,Thueringen,1302,1382,2684,153,61,214,1455,1443,2898
2016,Sachsen-Anhalt,Insgesamt,14275,14619,28894,6899,3494,10393,21174,18113,39287
2016,Thueringen,Schleswig-Holstein,222,235,457,154,83,237,376,318,694
2016,Thueringen,Hamburg,212,222,434,87,72,159,299,294,593
2016,Thueringen,Niedersachsen,1246,1248,2494,539,285,824,1785,1533,3318
2016,Thueringen,Bremen,63,87,150,127,45,172,190,132,322
2016,Thueringen,Nordrhein-Westfalen,1031,1025,2056,1845,914,2759,2876,1939,4815
2016,Thueringen,Hessen,1468,1530,2998,509,307,816,1977,1837,3814
2016,Thueringen,Rheinland-Pfalz,311,325,636,221,106,327,532,431,963
2016,Thueringen,Baden-Wuerttemberg,1144,983,2127,543,293,836,1687,1276,2963
2016,Thueringen,Bayern,2344,2189,4533,695,384,1079,3039,2573,5612
2016,Thueringen,Saarland,41,34,75,72,38,110,113,72,185
2016,Thueringen,Berlin,792,850,1642,290,195,485,1082,1045,2127
2016,Thueringen,Brandenburg,463,460,923,70,47,117,533,507,1040
2016,Thueringen,Mecklenburg-Vorpommern,352,385,737,67,25,92,419,410,829
2016,Thueringen,Sachsen,3083,3095,6178,363,203,566,3446,3298,6744
2016,Thueringen,Sachsen-Anhalt,1306,1333,2639,204,117,321,1510,1450,2960
2016,Thueringen,Thueringen,0,0,0,0,0,0,0,0,0
2016,Thueringen,Insgesamt,14078,14001,28079,5786,3114,8900,19864,17115,36979
2016,Insgesamt,Schleswig-Holstein,25973,28132,54105,5946,3708,9654,31919,31840,63759
2016,Insgesamt,Hamburg,24190,26532,50722,5689,4266,9955,29879,30798,60677
2016,Insgesamt,Niedersachsen,50628,53209,103837,16458,9741,26199,67086,62950,130036
2016,Insgesamt,Bremen,9413,9827,19240,3794,2385,6179,13207,12212,25419
2016,Insgesamt,Nordrhein-Westfalen,52713,56366,109079,38227,21775,60002,90940,78141,169081
2016,Insgesamt,Hessen,36390,37795,74185,15556,9806,25362,51946,47601,99547
2016,Insgesamt,Rheinland-Pfalz,28665,30069,58734,10777,6682,17459,39442,36751,76193
2016,Insgesamt,Baden-Wuerttemberg,48478,48364,96842,22514,13074,35588,70992,61438,132430
2016,Insgesamt,Bayern,48729,47812,96541,20426,12171,32597,69155,59983,129138
2016,Insgesamt,Saarland,4377,4494,8871,2152,1294,3446,6529,5788,12317
2016,Insgesamt,Berlin,34365,35313,69678,10921,7532,18453,45286,42845,88131
2016,Insgesamt,Brandenburg,25907,25788,51695,4606,2720,7326,30513,28508,59021
2016,Insgesamt,Mecklenburg-Vorpommern,12303,12485,24788,2221,1205,3426,14524,13690,28214
2016,Insgesamt,Sachsen,22830,22078,44908,5870,2913,8783,28700,24991,53691
2016,Insgesamt,Sachsen-Anhalt,13400,13275,26675,3870,1811,5681,17270,15086,32356
2016,Insgesamt,Thueringen,12080,12103,24183,3331,1746,5077,15411,13849,29260
2016,Insgesamt,Insgesamt,450441,463642,914083,172358,102829,275187,622799,566471,1189270
2017,Schleswig-Holstein,Schleswig-Holstein,0,0,0,0,0,0,0,0,0
2017,Schleswig-Holstein,Hamburg,7533,8054,15587,1370,1116,2486,8903,9170,18073
2017,Schleswig-Holstein,Niedersachsen,3894,4132,8026,710,423,1133,4604,4555,9159
2017,Schleswig-Holstein,Bremen,329,384,713,98,53,151,427,437,864
2017,Schleswig-Holstein,Nordrhein-Westfalen,2059,2264,4323,723,469,1192,2782,2733,5515
2017,Schleswig-Holstein,Hessen,819,830,1649,272,181,453,1091,1011,2102
2017,Schleswig-Holstein,Rheinland-Pfalz,365,418,783,110,69,179,475,487,962
2017,Schleswig-Holstein,Baden-Wuerttemberg,1072,1033,2105,406,243,649,1478,1276,2754
2017,Schleswig-Holstein,Bayern,1102,1169,2271,428,244,672,1530,1413,2943
2017,Schleswig-Holstein,Saarland,54,63,117,26,20,46,80,83,163
2017,Schleswig-Holstein,Berlin,952,1004,1956,206,161,367,1158,1165,2323
2017,Schleswig-Holstein,Brandenburg,469,473,942,59,33,92,528,506,1034
2017,Schleswig-Holstein,Mecklenburg-Vorpommern,1952,1964,3916,180,96,276,2132,2060,4192
2017,Schleswig-Holstein,Sachsen,468,498,966,112,62,174,580,560,1140
2017,Schleswig-Holstein,Sachsen-Anhalt,338,323,661,68,27,95,406,350,756
2017,Schleswig-Holstein,Thueringen,211,235,446,67,38,105,278,273,551
2017,Schleswig-Holstein,Insgesamt,21617,22844,44461,4835,3235,8070,26452,26079,52531
2017,Hamburg,Schleswig-Holstein,9364,10010,19374,1647,1285,2932,11011,11295,22306
2017,Hamburg,Hamburg,0,0,0,0,0,0,0,0,0
2017,Hamburg,Niedersachsen,5468,5855,11323,948,705,1653,6416,6560,12976
2017,Hamburg,Bremen,369,414,783,111,107,218,480,521,1001
2017,Hamburg,Nordrhein-Westfalen,1819,2031,3850,527,404,931,2346,2435,4781
2017,Hamburg,Hessen,769,796,1565,282,190,472,1051,986,2037
2017,Hamburg,Rheinland-Pfalz,279,293,572,86,65,151,365,358,723
2017,Hamburg,Baden-Wuerttemberg,1012,1066,2078,328,224,552,1340,1290,2630
2017,Hamburg,Bayern,1124,1201,2325,417,254,671,1541,1455,2996
2017,Hamburg,Saarland,50,40,90,21,9,30,71,49,120
2017,Hamburg,Berlin,1205,1395,2600,366,312,678,1571,1707,3278
2017,Hamburg,Brandenburg,336,313,649,50,46,96,386,359,745
2017,Hamburg,Mecklenburg-Vorpommern,895,868,1763,125,74,199,1020,942,1962
2017,Hamburg,Sachsen,361,350,711,84,47,131,445,397,842
2017,Hamburg,Sachsen-Anhalt,172,185,357,52,29,81,224,214,438
2017,Hamburg,Thueringen,137,148,285,37,27,64,174,175,349
2017,Hamburg,Insgesamt,23360,24965,48325,5081,3778,8859,28441,28743,57184
2017,Niedersachsen,Schleswig-Holstein,3742,4166,7908,591,400,991,4333,4566,8899
2017,Niedersachsen,Hamburg,5155,5676,10831,928,725,1653,6083,6401,12484
2017,Niedersachsen,Niedersachsen,0,0,0,0,0,0,0,0,0
2017,Niedersachsen,Bremen,4931,5016,9947,1017,763,1780,5948,5779,11727
2017,Niedersachsen,Nordrhein-Westfalen,11770,12724,24494,3937,3046,6983,15707,15770,31477
2017,Niedersachsen,Hessen,3273,3467,6740,1245,1001,2246,4518,4468,8986
2017,Niedersachsen,Rheinland-Pfalz,1215,1293,2508,583,408,991,1798,1701,3499
2017,Niedersachsen,Baden-Wuerttemberg,3207,3163,6370,1551,1164,2715,4758,4327,9085
2017,Niedersachsen,Bayern,3424,3189,6613,1832,1250,3082,5256,4439,9695
2017,Niedersachsen,Saarland,150,179,329,114,93,207,264,272,536
2017,Niedersachsen,Berlin,2423,2553,4976,782,676,1458,3205,3229,6434
2017,Niedersachsen,Brandenburg,1049,1043,2092,275,188,463,1324,1231,2555
2017,Niedersachsen,Mecklenburg-Vorpommern,1391,1402,2793,312,159,471,1703,1561,3264
2017,Niedersachsen,Sachsen,1427,1418,2845,535,327,862,1962,1745,3707
2017,Niedersachsen,Sachsen-Anhalt,2491,2501,4992,421,255,676,2912,2756,5668
2017,Niedersachsen,Thueringen,1024,1071,2095,307,196,503,1331,1267,2598
2017,Niedersachsen,Insgesamt,46672,48861,95533,14430,10651,25081,61102,59512,120614
2017,Bremen,Schleswig-Holstein,294,325,619,85,42,127,379,367,746
2017,Bremen,Hamburg,447,532,979,156,132,288,603,664,1267
2017,Bremen,Niedersachsen,6151,6390,12541,1033,777,1810,7184,7167,14351
2017,Bremen,Bremen,0,0,0,0,0,0,0,0,0
2017,Bremen,Nordrhein-Westfalen,790,754,1544,354,259,613,1144,1013,2157
2017,Bremen,Hessen,243,240,483,123,81,204,366,321,687
2017,Bremen,Rheinland-Pfalz,102,99,201,53,32,85,155,131,286
2017,Bremen,Baden-Wuerttemberg,295,305,600,187,117,304,482,422,904
2017,Bremen,Bayern,348,324,672,208,133,341,556,457,1013
2017,Bremen,Saarland,12,13,25,12,5,17,24,18,42
2017,Bremen,Berlin,298,348,646,130,104,234,428,452,880
2017,Bremen,Brandenburg,80,80,160,23,13,36,103,93,196
2017,Bremen,Mecklenburg-Vorpommern,125,103,228,58,18,76,183,121,304
2017,Bremen,Sachsen,134,121,255,57,23,80,191,144,335
2017,Bremen,Sachsen-Anhalt,84,70,154,44,32,76,128,102,230
2017,Bremen,Thueringen,53,61,114,37,16,53,90,77,167
2017,Bremen,Insgesamt,9456,9765,19221,2560,1784,4344,12016,11549,23565
2017,Nordrhein-Westfalen,Schleswig-Holstein,2661,2944,5605,594,355,949,3255,3299,6554
2017,Nordrhein-Westfalen,Hamburg,2593,2897,5490,665,501,1166,3258,3398,6656
2017,Nordrhein-Westfalen,Niedersachsen,13281,14129,27410,3738,2414,6152,17019,16543,33562
2017,Nordrhein-Westfalen,Bremen,811,918,1729,379,256,635,1190,1174,2364
2017,Nordrhein-Westfalen,Nordrhein-Westfalen,0,0,0,0,0,0,0,0,0
2017,Nordrhein-Westfalen,Hessen,6909,7391,14300,3234,2102,5336,10143,9493,19636
2017,Nordrhein-Westfalen,Rheinland-Pfalz,7202,7770,14972,2035,1273,3308,9237,9043,18280
2017,Nordrhein-Westfalen,Baden-Wuerttemberg,7177,7002,14179,3659,2401,6060,10836,9403,20239
2017,Nordrhein-Westfalen,Bayern,7325,7017,14342,3652,2109,5761,10977,9126,20103
2017,Nordrhein-Westfalen,Saarland,527,625,1152,308,202,510,835,827,1662
2017,Nordrhein-Westfalen,Berlin,4060,4216,8276,1428,1081,2509,5488,5297,10785
2017,Nordrhein-Westfalen,Brandenburg,1225,1139,2364,358,200,558,1583,1339,2922
2017,Nordrhein-Westfalen,Mecklenburg-Vorpommern,1102,1085,2187,367,208,575,1469,1293,2762
2017,Nordrhein-Westfalen,Sachsen,1882,1683,3565,741,404,1145,2623,2087,4710
2017,Nordrhein-Westfalen,Sachsen-Anhalt,1055,1102,2157,515,254,769,1570,1356,2926
2017,Nordrhein-Westfalen,Thueringen,1001,958,1959,536,303,839,1537,1261,2798
2017,Nordrhein-Westfalen,Insgesamt,58811,60876,119687,22209,14063,36272,81020,74939,155959
2017,Hessen,Schleswig-Holstein,1026,1121,2147,239,153,392,1265,1274,2539
2017,Hessen,Hamburg,1016,1104,2120,265,201,466,1281,1305,2586
2017,Hessen,Niedersachsen,3334,3587,6921,964,643,1607,4298,4230,8528
2017,Hessen,Bremen,231,263,494,96,89,185,327,352,679
2017,Hessen,Nordrhein-Westfalen,6449,6811,13260,2720,1917,4637,9169,8728,17897
2017,Hessen,Hessen,0,0,0,0,0,0,0,0,0
2017,Hessen,Rheinland-Pfalz,6132,6677,12809,2044,1408,3452,8176,8085,16261
2017,Hessen,Baden-Wuerttemberg,6162,6442,12604,2991,1843,4834,9153,8285,17438
2017,Hessen,Bayern,5781,5751,11532,2557,1593,4150,8338,7344,15682
2017,Hessen,Saarland,307,371,678,142,116,258,449,487,936
2017,Hessen,Berlin,1866,1800,3666,581,536,1117,2447,2336,4783
2017,Hessen,Brandenburg,549,555,1104,184,102,286,733,657,1390
2017,Hessen,Mecklenburg-Vorpommern,398,447,845,134,39,173,532,486,1018
2017,Hessen,Sachsen,1244,1290,2534,426,215,641,1670,1505,3175
2017,Hessen,Sachsen-Anhalt,491,525,1016,235,108,343,726,633,1359
2017,Hessen,Thueringen,1287,1291,2578,365,172,537,1652,1463,3115
2017,Hessen,Insgesamt,36273,38035,74308,13943,9135,23078,50216,47170,97386
2017,Rheinland-Pfalz,Schleswig-Holstein,477,550,1027,85,50,135,562,600,1162
2017,Rheinland-Pfalz,Hamburg,416,447,863,91,81,172,507,528,1035
2017,Rheinland-Pfalz,Niedersachsen,1228,1277,2505,395,256,651,1623,1533,3156
2017,Rheinland-Pfalz,Bremen,96,121,217,76,36,112,172,157,329
2017,Rheinland-Pfalz,Nordrhein-Westfalen,6549,7170,13719,1898,1305,3203,8447,8475,16922
2017,Rheinland-Pfalz,Hessen,5958,6432,12390,1959,1411,3370,7917,7843,15760
2017,Rheinland-Pfalz,Rheinland-Pfalz,0,0,0,0,0,0,0,0,0
2017,Rheinland-Pfalz,Baden-Wuerttemberg,6162,6201,12363,2167,1475,3642,8329,7676,16005
2017,Rheinland-Pfalz,Bayern,2207,2205,4412,830,570,1400,3037,2775,5812
2017,Rheinland-Pfalz,Saarland,1862,2002,3864,391,296,687,2253,2298,4551
2017,Rheinland-Pfalz,Berlin,743,747,1490,227,163,390,970,910,1880
2017,Rheinland-Pfalz,Brandenburg,252,266,518,48,37,85,300,303,603
2017,Rheinland-Pfalz,Mecklenburg-Vorpommern,204,186,390,53,31,84,257,217,474
2017,Rheinland-Pfalz,Sachsen,509,516,1025,182,90,272,691,606,1297
2017,Rheinland-Pfalz,Sachsen-Anhalt,222,215,437,76,33,109,298,248,546
2017,Rheinland-Pfalz,Thueringen,288,298,586,110,65,175,398,363,761
2017,Rheinland-Pfalz,Insgesamt,27173,28633,55806,8588,5899,14487,35761,34532,70293
2017,Baden-Wuerttemberg,Schleswig-Holstein,1219,1320,2539,332,199,531,1551,1519,3070
2017,Baden-Wuerttemberg,Hamburg,1203,1451,2654,352,252,604,1555,1703,3258
2017,Baden-Wuerttemberg,Niedersachsen,2848,3008,5856,1205,708,1913,4053,3716,7769
2017,Baden-Wuerttemberg,Bremen,282,288,570,149,100,249,431,388,819
2017,Baden-Wuerttemberg,Nordrhein-Westfalen,6400,6680,13080,3326,2323,5649,9726,9003,18729
2017,Baden-Wuerttemberg,Hessen,6617,6733,13350,2846,1943,4789,9463,8676,18139
2017,Baden-Wuerttemberg,Rheinland-Pfalz,6195,6250,12445,2504,1623,4127,8699,7873,16572
2017,Baden-Wuerttemberg,Baden-Wuerttemberg,0,0,0,0,0,0,0,0,0
2017,Baden-Wuerttemberg,Bayern,14789,15133,29922,6071,3577,9648,20860,18710,39570
2017,Baden-Wuerttemberg,Saarland,604,659,1263,237,183,420,841,842,1683
2017,Baden-Wuerttemberg,Berlin,2761,2844,5605,919,727,1646,3680,3571,7251
2017,Baden-Wuerttemberg,Brandenburg,884,897,1781,244,126,370,1128,1023,2151
2017,Baden-Wuerttemberg,Mecklenburg-Vorpommern,610,633,1243,167,81,248,777,714,1491
2017,Baden-Wuerttemberg,Sachsen,2218,2084,4302,609,333,942,2827,2417,5244
2017,Baden-Wuerttemberg,Sachsen-Anhalt,786,727,1513,277,151,428,1063,878,1941
2017,Baden-Wuerttemberg,Thueringen,1022,966,1988,353,215,568,1375,1181,2556
2017,Baden-Wuerttemberg,Insgesamt,48438,49673,98111,19591,12541,32132,68029,62214,130243
2017,Bayern,Schleswig-Holstein,1175,1282,2457,358,239,597,1533,1521,3054
2017,Bayern,Hamburg,1352,1425,2777,366,285,651,1718,1710,3428
2017,Bayern,Niedersachsen,2853,2843,5696,1259,784,2043,4112,3627,7739
2017,Bayern,Bremen,296,291,587,203,110,313,499,401,900
2017,Bayern,Nordrhein-Westfalen,6016,5946,11962,3479,2220,5699,9495,8166,17661
2017,Bayern,Hessen,5229,5302,10531,2434,1470,3904,7663,6772,14435
2017,Bayern,Rheinland-Pfalz,1883,1986,3869,877,540,1417,2760,2526,5286
2017,Bayern,Baden-Wuerttemberg,13337,13802,27139,6169,3526,9695,19506,17328,36834
2017,Bayern,Bayern,0,0,0,0,0,0,0,0,0
2017,Bayern,Saarland,332,359,691,163,110,273,495,469,964
2017,Bayern,Berlin,3181,3253,6434,1084,850,1934,4265,4103,8368
2017,Bayern,Brandenburg,1031,1001,2032,310,147,457,1341,1148,2489
2017,Bayern,Mecklenburg-Vorpommern,635,586,1221,141,85,226,776,671,1447
2017,Bayern,Sachsen,3273,3022,6295,778,428,1206,4051,3450,7501
2017,Bayern,Sachsen-Anhalt,934,853,1787,310,147,457,1244,1000,2244
2017,Bayern,Thueringen,2045,1938,3983,512,299,811,2557,2237,4794
2017,Bayern,Insgesamt,43572,43889,87461,18443,11240,29683,62015,55129,117144
2017,Saarland,Schleswig-Holstein,94,94,188,38,21,59,132,115,247
2017,Saarland,Hamburg,60,66,126,18,12,30,78,78,156
2017,Saarland,Niedersachsen,230,201,431,117,65,182,347,266,613
2017,Saarland,Bremen,26,30,56,18,16,34,44,46,90
2017,Saarland,Nordrhein-Westfalen,657,689,1346,402,263,665,1059,952,2011
2017,Saarland,Hessen,435,431,866,172,129,301,607,560,1167
2017,Saarland,Rheinland-Pfalz,1916,2144,4060,434,344,778,2350,2488,4838
2017,Saarland,Baden-Wuerttemberg,801,860,1661,295,221,516,1096,1081,2177
2017,Saarland,Bayern,430,468,898,225,114,339,655,582,1237
2017,Saarland,Saarland,0,0,0,0,0,0,0,0,0
2017,Saarland,Berlin,173,185,358,85,40,125,258,225,483
2017,Saarland,Brandenburg,40,42,82,17,6,23,57,48,105
2017,Saarland,Mecklenburg-Vorpommern,24,28,52,9,2,11,33,30,63
2017,Saarland,Sachsen,86,103,189,38,21,59,124,124,248
2017,Saarland,Sachsen-Anhalt,49,45,94,21,6,27,70,51,121
2017,Saarland,Thueringen,43,52,95,24,12,36,67,64,131
2017,Saarland,Insgesamt,5064,5438,10502,1913,1272,3185,6977,6710,13687
2017,Berlin,Schleswig-Holstein,933,1077,2010,228,161,389,1161,1238,2399
2017,Berlin,Hamburg,975,1143,2118,280,286,566,1255,1429,2684
2017,Berlin,Niedersachsen,2049,2159,4208,639,424,1063,2688,2583,5271
2017,Berlin,Bremen,215,255,470,106,81,187,321,336,657
2017,Berlin,Nordrhein-Westfalen,2739,2959,5698,1182,885,2067,3921,3844,7765
2017,Berlin,Hessen,1229,1334,2563,607,444,1051,1836,1778,3614
2017,Berlin,Rheinland-Pfalz,510,552,1062,209,156,365,719,708,1427
2017,Berlin,Baden-Wuerttemberg,2053,2004,4057,788,572,1360,2841,2576,5417
2017,Berlin,Bayern,2460,2408,4868,955,735,1690,3415,3143,6558
2017,Berlin,Saarland,100,100,200,51,31,82,151,131,282
2017,Berlin,Berlin,0,0,0,0,0,0,0,0,0
2017,Berlin,Brandenburg,14386,14175,28561,1885,1484,3369,16271,15659,31930
2017,Berlin,Mecklenburg-Vorpommern,1358,1460,2818,211,148,359,1569,1608,3177
2017,Berlin,Sachsen,1455,1540,2995,543,335,878,1998,1875,3873
2017,Berlin,Sachsen-Anhalt,882,990,1872,355,276,631,1237,1266,2503
2017,Berlin,Thueringen,485,539,1024,147,125,272,632,664,1296
2017,Berlin,Insgesamt,31829,32695,64524,8186,6143,14329,40015,38838,78853
2017,Brandenburg,Schleswig-Holstein,443,482,925,80,52,132,523,534,1057
2017,Brandenburg,Hamburg,297,261,558,80,74,154,377,335,712
2017,Brandenburg,Niedersachsen,940,937,1877,234,154,388,1174,1091,2265
2017,Brandenburg,Bremen,72,58,130,32,18,50,104,76,180
2017,Brandenburg,Nordrhein-Westfalen,908,874,1782,523,280,803,1431,1154,2585
2017,Brandenburg,Hessen,438,431,869,163,98,261,601,529,1130
2017,Brandenburg,Rheinland-Pfalz,228,215,443,81,50,131,309,265,574
2017,Brandenburg,Baden-Wuerttemberg,676,662,1338,242,117,359,918,779,1697
2017,Brandenburg,Bayern,895,745,1640,256,129,385,1151,874,2025
2017,Brandenburg,Saarland,36,34,70,27,11,38,63,45,108
2017,Brandenburg,Berlin,7571,7414,14985,1737,1308,3045,9308,8722,18030
2017,Brandenburg,Brandenburg,0,0,0,0,0,0,0,0,0
2017,Brandenburg,Mecklenburg-Vorpommern,1525,1707,3232,82,61,143,1607,1768,3375
2017,Brandenburg,Sachsen,2220,2291,4511,184,136,320,2404,2427,4831
2017,Brandenburg,Sachsen-Anhalt,1027,1111,2138,100,58,158,1127,1169,2296
2017,Brandenburg,Thueringen,421,402,823,74,30,104,495,432,927
2017,Brandenburg,Insgesamt,17697,17624,35321,3895,2576,6471,21592,20200,41792
2017,Mecklenburg-Vorpommern,Schleswig-Holstein,1576,1549,3125,188,129,317,1764,1678,3442
2017,Mecklenburg-Vorpommern,Hamburg,857,805,1662,229,140,369,1086,945,2031
2017,Mecklenburg-Vorpommern,Niedersachsen,1294,1247,2541,320,189,509,1614,1436,3050
2017,Mecklenburg-Vorpommern,Bremen,97,107,204,52,30,82,149,137,286
2017,Mecklenburg-Vorpommern,Nordrhein-Westfalen,769,752,1521,610,310,920,1379,1062,2441
2017,Mecklenburg-Vorpommern,Hessen,279,305,584,147,82,229,426,387,813
2017,Mecklenburg-Vorpommern,Rheinland-Pfalz,174,168,342,73,38,111,247,206,453
2017,Mecklenburg-Vorpommern,Baden-Wuerttemberg,447,388,835,209,123,332,656,511,1167
2017,Mecklenburg-Vorpommern,Bayern,484,408,892,222,130,352,706,538,1244
2017,Mecklenburg-Vorpommern,Saarland,26,29,55,22,4,26,48,33,81
2017,Mecklenburg-Vorpommern,Berlin,1103,1130,2233,287,199,486,1390,1329,2719
2017,Mecklenburg-Vorpommern,Brandenburg,1203,1345,2548,129,93,222,1332,1438,2770
2017,Mecklenburg-Vorpommern,Mecklenburg-Vorpommern,0,0,0,0,0,0,0,0,0
2017,Mecklenburg-Vorpommern,Sachsen,721,687,1408,92,58,150,813,745,1558
2017,Mecklenburg-Vorpommern,Sachsen-Anhalt,426,425,851,56,32,88,482,457,939
2017,Mecklenburg-Vorpommern,Thueringen,253,269,522,43,27,70,296,296,592
2017,Mecklenburg-Vorpommern,Insgesamt,9709,9614,19323,2679,1584,4263,12388,11198,23586
2017,Sachsen,Schleswig-Holstein,460,433,893,107,64,171,567,497,1064
2017,Sachsen,Hamburg,414,421,835,141,97,238,555,518,1073
2017,Sachsen,Niedersachsen,1141,1134,2275,441,232,673,1582,1366,2948
2017,Sachsen,Bremen,101,102,203,85,32,117,186,134,320
2017,Sachsen,Nordrhein-Westfalen,1584,1523,3107,941,569,1510,2525,2092,4617
2017,Sachsen,Hessen,994,1024,2018,491,267,758,1485,1291,2776
2017,Sachsen,Rheinland-Pfalz,406,417,823,149,92,241,555,509,1064
2017,Sachsen,Baden-Wuerttemberg,1666,1588,3254,653,384,1037,2319,1972,4291
2017,Sachsen,Bayern,2889,2654,5543,899,481,1380,3788,3135,6923
2017,Sachsen,Saarland,60,58,118,33,20,53,93,78,171
2017,Sachsen,Berlin,1646,1680,3326,678,433,1111,2324,2113,4437
2017,Sachsen,Brandenburg,1862,2019,3881,219,134,353,2081,2153,4234
2017,Sachsen,Mecklenburg-Vorpommern,765,787,1552,70,50,120,835,837,1672
2017,Sachsen,Sachsen,0,0,0,0,0,0,0,0,0
2017,Sachsen,Sachsen-Anhalt,2611,2623,5234,313,201,514,2924,2824,5748
2017,Sachsen,Thueringen,2094,2099,4193,291,149,440,2385,2248,4633
2017,Sachsen,Insgesamt,18693,18562,37255,5511,3205,8716,24204,21767,45971
2017,Sachsen-Anhalt,Schleswig-Holstein,355,357,712,85,34,119,440,391,831
2017,Sachsen-Anhalt,Hamburg,274,259,533,142,79,221,416,338,754
2017,Sachsen-Anhalt,Niedersachsen,2475,2416,4891,581,388,969,3056,2804,5860
2017,Sachsen-Anhalt,Bremen,84,59,143,67,35,102,151,94,245
2017,Sachsen-Anhalt,Nordrhein-Westfalen,922,939,1861,787,483,1270,1709,1422,3131
2017,Sachsen-Anhalt,Hessen,500,501,1001,271,174,445,771,675,1446
2017,Sachsen-Anhalt,Rheinland-Pfalz,225,230,455,130,85,215,355,315,670
2017,Sachsen-Anhalt,Baden-Wuerttemberg,754,709,1463,361,201,562,1115,910,2025
2017,Sachsen-Anhalt,Bayern,944,842,1786,393,239,632,1337,1081,2418
2017,Sachsen-Anhalt,Saarland,30,21,51,30,25,55,60,46,106
2017,Sachsen-Anhalt,Berlin,924,944,1868,390,257,647,1314,1201,2515
2017,Sachsen-Anhalt,Brandenburg,972,1074,2046,128,74,202,1100,1148,2248
2017,Sachsen-Anhalt,Mecklenburg-Vorpommern,574,609,1183,49,37,86,623,646,1269
2017,Sachsen-Anhalt,Sachsen,3043,3167,6210,404,224,628,3447,3391,6838
2017,Sachsen-Anhalt,Sachsen-Anhalt,0,0,0,0,0,0,0,0,0
2017,Sachsen-Anhalt,Thueringen,1251,1268,2519,163,91,254,1414,1359,2773
2017,Sachsen-Anhalt,Insgesamt,13327,13395,26722,3981,2426,6407,17308,15821,33129
2017,Thueringen,Schleswig-Holstein,244,216,460,66,41,107,310,257,567
2017,Thueringen,Hamburg,171,203,374,96,58,154,267,261,528
2017,Thueringen,Niedersachsen,1152,1153,2305,320,205,525,1472,1358,2830
2017,Thueringen,Bremen,56,69,125,43,20,63,99,89,188
2017,Thueringen,Nordrhein-Westfalen,937,1016,1953,633,428,1061,1570,1444,3014
2017,Thueringen,Hessen,1373,1419,2792,337,250,587,1710,1669,3379
2017,Thueringen,Rheinland-Pfalz,279,254,533,145,77,222,424,331,755
2017,Thueringen,Baden-Wuerttemberg,958,878,1836,380,257,637,1338,1135,2473
2017,Thueringen,Bayern,2368,2078,4446,640,432,1072,3008,2510,5518
2017,Thueringen,Saarland,32,33,65,15,12,27,47,45,92
2017,Thueringen,Berlin,652,679,1331,173,170,343,825,849,1674
2017,Thueringen,Brandenburg,388,401,789,63,26,89,451,427,878
2017,Thueringen,Mecklenburg-Vorpommern,329,351,680,34,32,66,363,383,746
2017,Thueringen,Sachsen,3113,3228,6341,279,180,459,3392,3408,6800
2017,Thueringen,Sachsen-Anhalt,1203,1249,2452,113,55,168,1316,1304,2620
2017,Thueringen,Thueringen,0,0,0,0,0,0,0,0,0
2017,Thueringen,Insgesamt,13255,13227,26482,3337,2243,5580,16592,15470,32062
2017,Insgesamt,Schleswig-Holstein,24063,25926,49989,4723,3225,7948,28786,29151,57937
2017,Insgesamt,Hamburg,22763,24744,47507,5179,4039,9218,27942,28783,56725
2017,Insgesamt,Niedersachsen,48338,50468,98806,12904,8367,21271,61242,58835,120077
2017,Insgesamt,Bremen,7996,8375,16371,2532,1746,4278,10528,10121,20649
2017,Insgesamt,Nordrhein-Westfalen,50368,53132,103500,22042,15161,37203,72410,68293,140703
2017,Insgesamt,Hessen,35065,36636,71701,14583,9823,24406,49648,46459,96107
2017,Insgesamt,Rheinland-Pfalz,27111,28766,55877,9513,6260,15773,36624,35026,71650
2017,Insgesamt,Baden-Wuerttemberg,45779,46103,91882,20386,12868,33254,66165,58971,125136
2017,Insgesamt,Bayern,46570,45592,92162,19585,11990,31575,66155,57582,123737
2017,Insgesamt,Saarland,4182,4586,8768,1592,1137,2729,5774,5723,11497
2017,Insgesamt,Berlin,29558,30192,59750,9073,7017,16090,38631,37209,75840
2017,Insgesamt,Brandenburg,24726,24823,49549,3992,2709,6701,28718,27532,56250
2017,Insgesamt,Mecklenburg-Vorpommern,11887,12216,24103,1992,1121,3113,13879,13337,27216
2017,Insgesamt,Sachsen,22154,21998,44152,5064,2883,7947,27218,24881,52099
2017,Insgesamt,Sachsen-Anhalt,12771,12944,25715,2956,1664,4620,15727,14608,30335
2017,Insgesamt,Thueringen,11615,11595,23210,3066,1765,4831,14681,13360,28041
2017,Insgesamt,Insgesamt,424946,438096,863042,139182,91775,230957,564128,529871,1093999
2018,Schleswig-Holstein,Schleswig-Holstein,0,0,0,0,0,0,0,0,0
2018,Schleswig-Holstein,Hamburg,7199,7654,14853,1579,1230,2809,8778,8884,17662
2018,Schleswig-Holstein,Niedersachsen,3649,4024,7673,706,472,1178,4355,4496,8851
2018,Schleswig-Holstein,Bremen,309,382,691,108,82,190,417,464,881
2018,Schleswig-Holstein,Nordrhein-Westfalen,1971,2189,4160,795,539,1334,2766,2728,5494
2018,Schleswig-Holstein,Hessen,754,801,1555,285,185,470,1039,986,2025
2018,Schleswig-Holstein,Rheinland-Pfalz,381,397,778,117,66,183,498,463,961
2018,Schleswig-Holstein,Baden-Wuerttemberg,1021,1040,2061,435,264,699,1456,1304,2760
2018,Schleswig-Holstein,Bayern,1121,1129,2250,468,284,752,1589,1413,3002
2018,Schleswig-Holstein,Saarland,39,64,103,22,13,35,61,77,138
2018,Schleswig-Holstein,Berlin,804,914,1718,247,160,407,1051,1074,2125
2018,Schleswig-Holstein,Brandenburg,441,469,910,58,39,97,499,508,1007
2018,Schleswig-Holstein,Mecklenburg-Vorpommern,1848,1941,3789,149,82,231,1997,2023,4020
2018,Schleswig-Holstein,Sachsen,442,466,908,98,62,160,540,528,1068
2018,Schleswig-Holstein,Sachsen-Anhalt,303,322,625,77,40,117,380,362,742
2018,Schleswig-Holstein,Thueringen,235,232,467,56,29,85,291,261,552
2018,Schleswig-Holstein,Insgesamt,20517,22024,42541,5200,3547,8747,25717,25571,51288
2018,Hamburg,Schleswig-Holstein,9501,10178,19679,1711,1483,3194,11212,11661,22873
2018,Hamburg,Hamburg,0,0,0,0,0,0,0,0,0
2018,Hamburg,Niedersachsen,5517,5843,11360,1047,783,1830,6564,6626,13190
2018,Hamburg,Bremen,361,416,777,116,84,200,477,500,977
2018,Hamburg,Nordrhein-Westfalen,1851,2014,3865,519,399,918,2370,2413,4783
2018,Hamburg,Hessen,728,753,1481,265,172,437,993,925,1918
2018,Hamburg,Rheinland-Pfalz,249,281,530,92,63,155,341,344,685
2018,Hamburg,Baden-Wuerttemberg,953,1078,2031,315,206,521,1268,1284,2552
2018,Hamburg,Bayern,1234,1171,2405,412,248,660,1646,1419,3065
2018,Hamburg,Saarland,36,50,86,21,16,37,57,66,123
2018,Hamburg,Berlin,1075,1270,2345,349,319,668,1424,1589,3013
2018,Hamburg,Brandenburg,306,275,581,77,49,126,383,324,707
2018,Hamburg,Mecklenburg-Vorpommern,910,917,1827,98,64,162,1008,981,1989
2018,Hamburg,Sachsen,333,370,703,92,56,148,425,426,851
2018,Hamburg,Sachsen-Anhalt,224,193,417,45,34,79,269,227,496
2018,Hamburg,Thueringen,133,145,278,25,23,48,158,168,326
2018,Hamburg,Insgesamt,23411,24954,48365,5184,3999,9183,28595,28953,57548
2018,Niedersachsen,Schleswig-Holstein,3804,4250,8054,662,473,1135,4466,4723,9189
2018,Niedersachsen,Hamburg,5107,5659,10766,1111,818,1929,6218,6477,12695
2018,Niedersachsen,Niedersachsen,0,0,0,0,0,0,0,0,0
2018,Niedersachsen,Bremen,5036,5120,10156,1131,785,1916,6167,5905,12072
2018,Niedersachsen,Nordrhein-Westfalen,11532,12697,24229,4067,3290,7357,15599,15987,31586
2018,Niedersachsen,Hessen,3227,3531,6758,1242,987,2229,4469,4518,8987
2018,Niedersachsen,Rheinland-Pfalz,1162,1277,2439,610,413,1023,1772,1690,3462
2018,Niedersachsen,Baden-Wuerttemberg,3144,3137,6281,1727,1158,2885,4871,4295,9166
2018,Niedersachsen,Bayern,3387,3302,6689,1805,1276,3081,5192,4578,9770
2018,Niedersachsen,Saarland,190,229,419,118,117,235,308,346,654
2018,Niedersachsen,Berlin,2213,2501,4714,841,693,1534,3054,3194,6248
2018,Niedersachsen,Brandenburg,1018,996,2014,312,186,498,1330,1182,2512
2018,Niedersachsen,Mecklenburg-Vorpommern,1345,1455,2800,284,176,460,1629,1631,3260
2018,Niedersachsen,Sachsen,1365,1336,2701,487,347,834,1852,1683,3535
2018,Niedersachsen,Sachsen-Anhalt,2398,2339,4737,445,267,712,2843,2606,5449
2018,Niedersachsen,Thueringen,945,1057,2002,349,189,538,1294,1246,2540
2018,Niedersachsen,Insgesamt,45873,48886,94759,15191,11175,26366,61064,60061,121125
2018,Bremen,Schleswig-Holstein,299,361,660,132,58,190,431,419,850
2018,Bremen,Hamburg,485,515,1000,141,134,275,626,649,1275
2018,Bremen,Niedersachsen,6072,6467,12539,971,776,1747,7043,7243,14286
2018,Bremen,Bremen,0,0,0,0,0,0,0,0,0
2018,Bremen,Nordrhein-Westfalen,755,862,1617,307,254,561,1062,1116,2178
2018,Bremen,Hessen,186,235,421,117,95,212,303,330,633
2018,Bremen,Rheinland-Pfalz,95,96,191,64,32,96,159,128,287
2018,Bremen,Baden-Wuerttemberg,319,287,606,194,115,309,513,402,915
2018,Bremen,Bayern,319,327,646,241,147,388,560,474,1034
2018,Bremen,Saarland,17,20,37,10,7,17,27,27,54
2018,Bremen,Berlin,288,299,587,116,103,219,404,402,806
2018,Bremen,Brandenburg,74,65,139,30,15,45,104,80,184
2018,Bremen,Mecklenburg-Vorpommern,100,98,198,20,15,35,120,113,233
2018,Bremen,Sachsen,129,111,240,49,29,78,178,140,318
2018,Bremen,Sachsen-Anhalt,58,76,134,30,14,44,88,90,178
2018,Bremen,Thueringen,57,48,105,26,14,40,83,62,145
2018,Bremen,Insgesamt,9253,9867,19120,2448,1808,4256,11701,11675,23376
2018,Nordrhein-Westfalen,Schleswig-Holstein,2764,3096,5860,581,401,982,3345,3497,6842
2018,Nordrhein-Westfalen,Hamburg,2470,2861,5331,675,522,1197,3145,3383,6528
2018,Nordrhein-Westfalen,Niedersachsen,13165,14374,27539,3534,2486,6020,16699,16860,33559
2018,Nordrhein-Westfalen,Bremen,765,860,1625,406,276,682,1171,1136,2307
2018,Nordrhein-Westfalen,Nordrhein-Westfalen,0,0,0,0,0,0,0,0,0
2018,Nordrhein-Westfalen,Hessen,6627,7157,13784,2966,2036,5002,9593,9193,18786
2018,Nordrhein-Westfalen,Rheinland-Pfalz,7216,7841,15057,2014,1307,3321,9230,9148,18378
2018,Nordrhein-Westfalen,Baden-Wuerttemberg,6921,6783,13704,3643,2388,6031,10564,9171,19735
2018,Nordrhein-Westfalen,Bayern,7138,6868,14006,3733,2293,6026,10871,9161,20032
2018,Nordrhein-Westfalen,Saarland,508,529,1037,280,218,498,788,747,1535
2018,Nordrhein-Westfalen,Berlin,3657,3993,7650,1274,1075,2349,4931,5068,9999
2018,Nordrhein-Westfalen,Brandenburg,1214,1175,2389,332,215,547,1546,1390,2936
2018,Nordrhein-Westfalen,Mecklenburg-Vorpommern,981,998,1979,328,158,486,1309,1156,2465
2018,Nordrhein-Westfalen,Sachsen,1659,1722,3381,626,374,1000,2285,2096,4381
2018,Nordrhein-Westfalen,Sachsen-Anhalt,946,964,1910,428,242,670,1374,1206,2580
2018,Nordrhein-Westfalen,Thueringen,916,867,1783,470,288,758,1386,1155,2541
2018,Nordrhein-Westfalen,Insgesamt,56947,60088,117035,21290,14279,35569,78237,74367,152604
2018,Hessen,Schleswig-Holstein,1011,1156,2167,197,153,350,1208,1309,2517
2018,Hessen,Hamburg,987,1114,2101,327,241,568,1314,1355,2669
2018,Hessen,Niedersachsen,3305,3582,6887,1021,638,1659,4326,4220,8546
2018,Hessen,Bremen,273,232,505,109,84,193,382,316,698
2018,Hessen,Nordrhein-Westfalen,6183,6998,13181,2887,2092,4979,9070,9090,18160
2018,Hessen,Hessen,0,0,0,0,0,0,0,0,0
2018,Hessen,Rheinland-Pfalz,6111,6617,12728,2086,1444,3530,8197,8061,16258
2018,Hessen,Baden-Wuerttemberg,6093,6279,12372,3044,1965,5009,9137,8244,17381
2018,Hessen,Bayern,5760,5984,11744,2866,1652,4518,8626,7636,16262
2018,Hessen,Saarland,287,347,634,167,109,276,454,456,910
2018,Hessen,Berlin,1617,1831,3448,615,496,1111,2232,2327,4559
2018,Hessen,Brandenburg,487,571,1058,119,69,188,606,640,1246
2018,Hessen,Mecklenburg-Vorpommern,376,415,791,79,50,129,455,465,920
2018,Hessen,Sachsen,1159,1146,2305,378,218,596,1537,1364,2901
2018,Hessen,Sachsen-Anhalt,457,482,939,193,96,289,650,578,1228
2018,Hessen,Thueringen,1267,1300,2567,332,164,496,1599,1464,3063
2018,Hessen,Insgesamt,35373,38054,73427,14420,9471,23891,49793,47525,97318
2018,Rheinland-Pfalz,Schleswig-Holstein,432,483,915,88,63,151,520,546,1066
2018,Rheinland-Pfalz,Hamburg,343,409,752,106,63,169,449,472,921
2018,Rheinland-Pfalz,Niedersachsen,1204,1280,2484,411,251,662,1615,1531,3146
2018,Rheinland-Pfalz,Bremen,110,95,205,52,47,99,162,142,304
2018,Rheinland-Pfalz,Nordrhein-Westfalen,6660,7240,13900,1932,1387,3319,8592,8627,17219
2018,Rheinland-Pfalz,Hessen,5709,6181,11890,2097,1441,3538,7806,7622,15428
2018,Rheinland-Pfalz,Rheinland-Pfalz,0,0,0,0,0,0,0,0,0
2018,Rheinland-Pfalz,Baden-Wuerttemberg,5909,6143,12052,2456,1596,4052,8365,7739,16104
2018,Rheinland-Pfalz,Bayern,2152,2114,4266,1072,650,1722,3224,2764,5988
2018,Rheinland-Pfalz,Saarland,1808,1941,3749,415,282,697,2223,2223,4446
2018,Rheinland-Pfalz,Berlin,765,759,1524,228,183,411,993,942,1935
2018,Rheinland-Pfalz,Brandenburg,256,254,510,80,37,117,336,291,627
2018,Rheinland-Pfalz,Mecklenburg-Vorpommern,233,233,466,54,26,80,287,259,546
2018,Rheinland-Pfalz,Sachsen,499,490,989,176,108,284,675,598,1273
2018,Rheinland-Pfalz,Sachsen-Anhalt,213,212,425,87,57,144,300,269,569
2018,Rheinland-Pfalz,Thueringen,300,286,586,78,46,124,378,332,710
2018,Rheinland-Pfalz,Insgesamt,26593,28120,54713,9332,6237,15569,35925,34357,70282
2018,Baden-Wuerttemberg,Schleswig-Holstein,1292,1408,2700,302,243,545,1594,1651,3245
2018,Baden-Wuerttemberg,Hamburg,1246,1315,2561,406,297,703,1652,1612,3264
2018,Baden-Wuerttemberg,Niedersachsen,2775,2885,5660,1317,792,2109,4092,3677,7769
2018,Baden-Wuerttemberg,Bremen,299,290,589,152,102,254,451,392,843
2018,Baden-Wuerttemberg,Nordrhein-Westfalen,6354,6526,12880,3664,2539,6203,10018,9065,19083
2018,Baden-Wuerttemberg,Hessen,6150,6730,12880,2882,1922,4804,9032,8652,17684
2018,Baden-Wuerttemberg,Rheinland-Pfalz,5865,6415,12280,2575,1637,4212,8440,8052,16492
2018,Baden-Wuerttemberg,Baden-Wuerttemberg,0,0,0,0,0,0,0,0,0
2018,Baden-Wuerttemberg,Bayern,14917,15285,30202,7014,3908,10922,21931,19193,41124
2018,Baden-Wuerttemberg,Saarland,581,674,1255,271,182,453,852,856,1708
2018,Baden-Wuerttemberg,Berlin,2485,2569,5054,915,668,1583,3400,3237,6637
2018,Baden-Wuerttemberg,Brandenburg,897,801,1698,214,130,344,1111,931,2042
2018,Baden-Wuerttemberg,Mecklenburg-Vorpommern,545,583,1128,124,77,201,669,660,1329
2018,Baden-Wuerttemberg,Sachsen,2122,2034,4156,532,321,853,2654,2355,5009
2018,Baden-Wuerttemberg,Sachsen-Anhalt,725,705,1430,204,127,331,929,832,1761
2018,Baden-Wuerttemberg,Thueringen,879,862,1741,322,178,500,1201,1040,2241
2018,Baden-Wuerttemberg,Insgesamt,47132,49082,96214,20894,13123,34017,68026,62205,130231
2018,Bayern,Schleswig-Holstein,1232,1316,2548,346,213,559,1578,1529,3107
2018,Bayern,Hamburg,1346,1492,2838,407,325,732,1753,1817,3570
2018,Bayern,Niedersachsen,2924,2947,5871,1323,821,2144,4247,3768,8015
2018,Bayern,Bremen,306,219,525,181,113,294,487,332,819
2018,Bayern,Nordrhein-Westfalen,6034,5856,11890,3527,2358,5885,9561,8214,17775
2018,Bayern,Hessen,5210,5215,10425,2509,1543,4052,7719,6758,14477
2018,Bayern,Rheinland-Pfalz,1907,1937,3844,996,577,1573,2903,2514,5417
2018,Bayern,Baden-Wuerttemberg,12896,13636,26532,6379,3701,10080,19275,17337,36612
2018,Bayern,Bayern,0,0,0,0,0,0,0,0,0
2018,Bayern,Saarland,290,297,587,186,130,316,476,427,903
2018,Bayern,Berlin,3021,3042,6063,1056,842,1898,4077,3884,7961
2018,Bayern,Brandenburg,1075,927,2002,303,145,448,1378,1072,2450
2018,Bayern,Mecklenburg-Vorpommern,589,630,1219,167,83,250,756,713,1469
2018,Bayern,Sachsen,3277,3154,6431,721,483,1204,3998,3637,7635
2018,Bayern,Sachsen-Anhalt,978,928,1906,288,167,455,1266,1095,2361
2018,Bayern,Thueringen,1934,1969,3903,515,310,825,2449,2279,4728
2018,Bayern,Insgesamt,43019,43565,86584,18904,11811,30715,61923,55376,117299
2018,Saarland,Schleswig-Holstein,75,67,142,21,23,44,96,90,186
2018,Saarland,Hamburg,82,74,156,18,14,32,100,88,188
2018,Saarland,Niedersachsen,180,178,358,101,89,190,281,267,548
2018,Saarland,Bremen,21,18,39,13,8,21,34,26,60
2018,Saarland,Nordrhein-Westfalen,613,671,1284,353,252,605,966,923,1889
2018,Saarland,Hessen,396,449,845,203,108,311,599,557,1156
2018,Saarland,Rheinland-Pfalz,1975,2239,4214,406,348,754,2381,2587,4968
2018,Saarland,Baden-Wuerttemberg,752,780,1532,291,201,492,1043,981,2024
2018,Saarland,Bayern,445,452,897,225,132,357,670,584,1254
2018,Saarland,Saarland,0,0,0,0,0,0,0,0,0
2018,Saarland,Berlin,156,166,322,74,59,133,230,225,455
2018,Saarland,Brandenburg,45,33,78,16,12,28,61,45,106
2018,Saarland,Mecklenburg-Vorpommern,26,28,54,10,7,17,36,35,71
2018,Saarland,Sachsen,84,68,152,35,32,67,119,100,219
2018,Saarland,Sachsen-Anhalt,45,39,84,19,7,26,64,46,110
2018,Saarland,Thueringen,38,35,73,18,12,30,56,47,103
2018,Saarland,Insgesamt,4933,5297,10230,1803,1304,3107,6736,6601,13337
2018,Berlin,Schleswig-Holstein,885,1098,1983,241,154,395,1126,1252,2378
2018,Berlin,Hamburg,965,1076,2041,324,302,626,1289,1378,2667
2018,Berlin,Niedersachsen,1922,2099,4021,654,502,1156,2576,2601,5177
2018,Berlin,Bremen,204,254,458,88,82,170,292,336,628
2018,Berlin,Nordrhein-Westfalen,2765,2876,5641,1196,970,2166,3961,3846,7807
2018,Berlin,Hessen,1257,1252,2509,563,474,1037,1820,1726,3546
2018,Berlin,Rheinland-Pfalz,523,571,1094,203,174,377,726,745,1471
2018,Berlin,Baden-Wuerttemberg,2052,2170,4222,805,608,1413,2857,2778,5635
2018,Berlin,Bayern,2475,2367,4842,1093,737,1830,3568,3104,6672
2018,Berlin,Saarland,121,106,227,51,36,87,172,142,314
2018,Berlin,Berlin,0,0,0,0,0,0,0,0,0
2018,Berlin,Brandenburg,14422,14784,29206,2058,1626,3684,16480,16410,32890
2018,Berlin,Mecklenburg-Vorpommern,1369,1512,2881,207,126,333,1576,1638,3214
2018,Berlin,Sachsen,1453,1555,3008,558,366,924,2011,1921,3932
2018,Berlin,Sachsen-Anhalt,882,924,1806,287,201,488,1169,1125,2294
2018,Berlin,Thueringen,450,549,999,140,145,285,590,694,1284
2018,Berlin,Insgesamt,31745,33193,64938,8468,6503,14971,40213,39696,79909
2018,Brandenburg,Schleswig-Holstein,473,523,996,75,45,120,548,568,1116
2018,Brandenburg,Hamburg,279,245,524,79,66,145,358,311,669
2018,Brandenburg,Niedersachsen,925,947,1872,277,164,441,1202,1111,2313
2018,Brandenburg,Bremen,66,84,150,46,19,65,112,103,215
2018,Brandenburg,Nordrhein-Westfalen,971,920,1891,546,315,861,1517,1235,2752
2018,Brandenburg,Hessen,413,409,822,157,72,229,570,481,1051
2018,Brandenburg,Rheinland-Pfalz,244,215,459,89,51,140,333,266,599
2018,Brandenburg,Baden-Wuerttemberg,679,672,1351,309,143,452,988,815,1803
2018,Brandenburg,Bayern,864,721,1585,319,185,504,1183,906,2089
2018,Brandenburg,Saarland,38,24,62,19,6,25,57,30,87
2018,Brandenburg,Berlin,7037,6818,13855,1802,1288,3090,8839,8106,16945
2018,Brandenburg,Brandenburg,0,0,0,0,0,0,0,0,0
2018,Brandenburg,Mecklenburg-Vorpommern,1642,1773,3415,116,84,200,1758,1857,3615
2018,Brandenburg,Sachsen,2090,2196,4286,187,131,318,2277,2327,4604
2018,Brandenburg,Sachsen-Anhalt,1057,1152,2209,113,76,189,1170,1228,2398
2018,Brandenburg,Thueringen,414,415,829,39,36,75,453,451,904
2018,Brandenburg,Insgesamt,17192,17114,34306,4173,2681,6854,21365,19795,41160
2018,Mecklenburg-Vorpommern,Schleswig-Holstein,1725,1724,3449,218,151,369,1943,1875,3818
2018,Mecklenburg-Vorpommern,Hamburg,809,770,1579,247,176,423,1056,946,2002
2018,Mecklenburg-Vorpommern,Niedersachsen,1208,1254,2462,375,164,539,1583,1418,3001
2018,Mecklenburg-Vorpommern,Bremen,87,87,174,70,50,120,157,137,294
2018,Mecklenburg-Vorpommern,Nordrhein-Westfalen,727,712,1439,697,368,1065,1424,1080,2504
2018,Mecklenburg-Vorpommern,Hessen,264,263,527,189,102,291,453,365,818
2018,Mecklenburg-Vorpommern,Rheinland-Pfalz,158,173,331,88,39,127,246,212,458
2018,Mecklenburg-Vorpommern,Baden-Wuerttemberg,460,435,895,181,138,319,641,573,1214
2018,Mecklenburg-Vorpommern,Bayern,490,436,926,295,180,475,785,616,1401
2018,Mecklenburg-Vorpommern,Saarland,22,28,50,10,12,22,32,40,72
2018,Mecklenburg-Vorpommern,Berlin,1024,1073,2097,267,200,467,1291,1273,2564
2018,Mecklenburg-Vorpommern,Brandenburg,1177,1284,2461,110,62,172,1287,1346,2633
2018,Mecklenburg-Vorpommern,Mecklenburg-Vorpommern,0,0,0,0,0,0,0,0,0
2018,Mecklenburg-Vorpommern,Sachsen,724,746,1470,84,59,143,808,805,1613
2018,Mecklenburg-Vorpommern,Sachsen-Anhalt,378,404,782,66,70,136,444,474,918
2018,Mecklenburg-Vorpommern,Thueringen,227,262,489,36,32,68,263,294,557
2018,Mecklenburg-Vorpommern,Insgesamt,9480,9651,19131,2933,1803,4736,12413,11454,23867
2018,Sachsen,Schleswig-Holstein,399,410,809,119,78,197,518,488,1006
2018,Sachsen,Hamburg,375,411,786,172,112,284,547,523,1070
2018,Sachsen,Niedersachsen,1123,1168,2291,503,231,734,1626,1399,3025
2018,Sachsen,Bremen,126,108,234,64,38,102,190,146,336
2018,Sachsen,Nordrhein-Westfalen,1478,1467,2945,987,592,1579,2465,2059,4524
2018,Sachsen,Hessen,918,946,1864,452,315,767,1370,1261,2631
2018,Sachsen,Rheinland-Pfalz,410,398,808,215,99,314,625,497,1122
2018,Sachsen,Baden-Wuerttemberg,1667,1521,3188,691,434,1125,2358,1955,4313
2018,Sachsen,Bayern,2724,2423,5147,965,548,1513,3689,2971,6660
2018,Sachsen,Saarland,59,81,140,64,44,108,123,125,248
2018,Sachsen,Berlin,1483,1608,3091,628,417,1045,2111,2025,4136
2018,Sachsen,Brandenburg,1824,1865,3689,195,120,315,2019,1985,4004
2018,Sachsen,Mecklenburg-Vorpommern,766,790,1556,74,34,108,840,824,1664
2018,Sachsen,Sachsen,0,0,0,0,0,0,0,0,0
2018,Sachsen,Sachsen-Anhalt,2533,2631,5164,388,210,598,2921,2841,5762
2018,Sachsen,Thueringen,2194,2312,4506,323,206,529,2517,2518,5035
2018,Sachsen,Insgesamt,18079,18139,36218,5840,3478,9318,23919,21617,45536
2018,Sachsen-Anhalt,Schleswig-Holstein,300,333,633,72,44,116,372,377,749
2018,Sachsen-Anhalt,Hamburg,225,223,448,151,80,231,376,303,679
2018,Sachsen-Anhalt,Niedersachsen,2222,2300,4522,589,378,967,2811,2678,5489
2018,Sachsen-Anhalt,Bremen,75,80,155,64,29,93,139,109,248
2018,Sachsen-Anhalt,Nordrhein-Westfalen,912,964,1876,886,540,1426,1798,1504,3302
2018,Sachsen-Anhalt,Hessen,482,487,969,331,200,531,813,687,1500
2018,Sachsen-Anhalt,Rheinland-Pfalz,202,191,393,144,78,222,346,269,615
2018,Sachsen-Anhalt,Baden-Wuerttemberg,610,600,1210,321,203,524,931,803,1734
2018,Sachsen-Anhalt,Bayern,857,768,1625,393,234,627,1250,1002,2252
2018,Sachsen-Anhalt,Saarland,30,40,70,25,13,38,55,53,108
2018,Sachsen-Anhalt,Berlin,808,882,1690,433,289,722,1241,1171,2412
2018,Sachsen-Anhalt,Brandenburg,999,1049,2048,138,82,220,1137,1131,2268
2018,Sachsen-Anhalt,Mecklenburg-Vorpommern,529,578,1107,71,18,89,600,596,1196
2018,Sachsen-Anhalt,Sachsen,2916,2861,5777,409,273,682,3325,3134,6459
2018,Sachsen-Anhalt,Sachsen-Anhalt,0,0,0,0,0,0,0,0,0
2018,Sachsen-Anhalt,Thueringen,1211,1356,2567,153,87,240,1364,1443,2807
2018,Sachsen-Anhalt,Insgesamt,12378,12712,25090,4180,2548,6728,16558,15260,31818
2018,Thueringen,Schleswig-Holstein,225,245,470,74,47,121,299,292,591
2018,Thueringen,Hamburg,207,196,403,83,53,136,290,249,539
2018,Thueringen,Niedersachsen,1047,1115,2162,349,214,563,1396,1329,2725
2018,Thueringen,Bremen,52,70,122,61,38,99,113,108,221
2018,Thueringen,Nordrhein-Westfalen,950,912,1862,763,546,1309,1713,1458,3171
2018,Thueringen,Hessen,1340,1320,2660,370,252,622,1710,1572,3282
2018,Thueringen,Rheinland-Pfalz,299,279,578,142,96,238,441,375,816
2018,Thueringen,Baden-Wuerttemberg,894,834,1728,409,308,717,1303,1142,2445
2018,Thueringen,Bayern,2125,2022,4147,687,443,1130,2812,2465,5277
2018,Thueringen,Saarland,38,36,74,37,15,52,75,51,126
2018,Thueringen,Berlin,586,698,1284,225,169,394,811,867,1678
2018,Thueringen,Brandenburg,409,431,840,84,36,120,493,467,960
2018,Thueringen,Mecklenburg-Vorpommern,337,382,719,39,28,67,376,410,786
2018,Thueringen,Sachsen,2759,2907,5666,353,186,539,3112,3093,6205
2018,Thueringen,Sachsen-Anhalt,1172,1235,2407,105,73,178,1277,1308,2585
2018,Thueringen,Thueringen,0,0,0,0,0,0,0,0,0
2018,Thueringen,Insgesamt,12440,12682,25122,3781,2504,6285,16221,15186,31407
2018,Insgesamt,Schleswig-Holstein,24417,26648,51065,4839,3629,8468,29256,30277,59533
2018,Insgesamt,Hamburg,22125,24014,46139,5826,4433,10259,27951,28447,56398
2018,Insgesamt,Niedersachsen,47238,50463,97701,13178,8761,21939,60416,59224,119640
2018,Insgesamt,Bremen,8090,8315,16405,2661,1837,4498,10751,10152,20903
2018,Insgesamt,Nordrhein-Westfalen,49756,52904,102660,23126,16441,39567,72882,69345,142227
2018,Insgesamt,Hessen,33661,35729,69390,14628,9904,24532,48289,45633,93922
2018,Insgesamt,Rheinland-Pfalz,26797,28927,55724,9841,6424,16265,36638,35351,71989
2018,Insgesamt,Baden-Wuerttemberg,44370,45395,89765,21200,13428,34628,65570,58823,124393
2018,Insgesamt,Bayern,46008,45369,91377,21588,12917,34505,67596,58286,125882
2018,Insgesamt,Saarland,4064,4466,8530,1696,1200,2896,5760,5666,11426
2018,Insgesamt,Berlin,27019,28423,55442,9070,6961,16031,36089,35384,71473
2018,Insgesamt,Brandenburg,24644,24979,49623,4126,2823,6949,28770,27802,56572
2018,Insgesamt,Mecklenburg-Vorpommern,11596,12333,23929,1820,1028,2848,13416,13361,26777
2018,Insgesamt,Sachsen,21011,21162,42173,4785,3045,7830,25796,24207,50003
2018,Insgesamt,Sachsen-Anhalt,12369,12606,24975,2775,1681,4456,15144,14287,29431
2018,Insgesamt,Thueringen,11200,11695,22895,2882,1759,4641,14082,13454,27536
2018,Insgesamt,Insgesamt,414365,433428,847793,144041,96271,240312,558406,529699,1088105
2019,Schleswig-Holstein,Schleswig-Holstein,0,0,0,0,0,0,0,0,0
2019,Schleswig-Holstein,Hamburg,7516,7870,15386,1583,1313,2896,9099,9183,18282
2019,Schleswig-Holstein,Niedersachsen,3791,3956,7747,742,494,1236,4533,4450,8983
2019,Schleswig-Holstein,Bremen,308,394,702,115,72,187,423,466,889
2019,Schleswig-Holstein,Nordrhein-Westfalen,1847,2096,3943,912,629,1541,2759,2725,5484
2019,Schleswig-Holstein,Hessen,707,785,1492,266,184,450,973,969,1942
2019,Schleswig-Holstein,Rheinland-Pfalz,363,388,751,136,90,226,499,478,977
2019,Schleswig-Holstein,Baden-Wuerttemberg,993,996,1989,375,259,634,1368,1255,2623
2019,Schleswig-Holstein,Bayern,1074,1102,2176,541,262,803,1615,1364,2979
2019,Schleswig-Holstein,Saarland,65,46,111,34,18,52,99,64,163
2019,Schleswig-Holstein,Berlin,800,937,1737,215,157,372,1015,1094,2109
2019,Schleswig-Holstein,Brandenburg,450,493,943,68,50,118,518,543,1061
2019,Schleswig-Holstein,Mecklenburg-Vorpommern,1918,1857,3775,184,116,300,2102,1973,4075
2019,Schleswig-Holstein,Sachsen,354,388,742,116,49,165,470,437,907
2019,Schleswig-Holstein,Sachsen-Anhalt,323,301,624,61,48,109,384,349,733
2019,Schleswig-Holstein,Thueringen,194,220,414,40,37,77,234,257,491
2019,Schleswig-Holstein,Insgesamt,20703,21829,42532,5388,3778,9166,26091,25607,51698
2019,Hamburg,Schleswig-Holstein,9461,10039,19500,1888,1407,3295,11349,11446,22795
2019,Hamburg,Hamburg,0,0,0,0,0,0,0,0,0
2019,Hamburg,Niedersachsen,5785,5987,11772,1106,796,1902,6891,6783,13674
2019,Hamburg,Bremen,355,433,788,129,90,219,484,523,1007
2019,Hamburg,Nordrhein-Westfalen,1747,1988,3735,580,438,1018,2327,2426,4753
2019,Hamburg,Hessen,703,690,1393,260,204,464,963,894,1857
2019,Hamburg,Rheinland-Pfalz,240,268,508,88,57,145,328,325,653
2019,Hamburg,Baden-Wuerttemberg,888,1011,1899,354,215,569,1242,1226,2468
2019,Hamburg,Bayern,1112,1140,2252,445,272,717,1557,1412,2969
2019,Hamburg,Saarland,49,39,88,17,11,28,66,50,116
2019,Hamburg,Berlin,1152,1272,2424,380,299,679,1532,1571,3103
2019,Hamburg,Brandenburg,283,294,577,53,30,83,336,324,660
2019,Hamburg,Mecklenburg-Vorpommern,942,882,1824,114,69,183,1056,951,2007
2019,Hamburg,Sachsen,321,361,682,105,79,184,426,440,866
2019,Hamburg,Sachsen-Anhalt,209,210,419,73,23,96,282,233,515
2019,Hamburg,Thueringen,121,143,264,29,16,45,150,159,309
2019,Hamburg,Insgesamt,23368,24757,48125,5621,4006,9627,28989,28763,57752
2019,Niedersachsen,Schleswig-Holstein,3643,3975,7618,768,552,1320,4411,4527,8938
2019,Niedersachsen,Hamburg,5257,5646,10903,1260,951,2211,6517,6597,13114
2019,Niedersachsen,Niedersachsen,0,0,0,0,0,0,0,0,0
2019,Niedersachsen,Bremen,5061,5241,10302,1166,822,1988,6227,6063,12290
2019,Niedersachsen,Nordrhein-Westfalen,11618,12909,24527,4765,3833,8598,16383,16742,33125
2019,Niedersachsen,Hessen,3317,3341,6658,1394,1051,2445,4711,4392,9103
2019,Niedersachsen,Rheinland-Pfalz,1168,1194,2362,679,477,1156,1847,1671,3518
2019,Niedersachsen,Baden-Wuerttemberg,3031,3012,6043,1822,1397,3219,4853,4409,9262
2019,Niedersachsen,Bayern,3208,3104,6312,2051,1576,3627,5259,4680,9939
2019,Niedersachsen,Saarland,167,194,361,154,125,279,321,319,640
2019,Niedersachsen,Berlin,2364,2492,4856,938,777,1715,3302,3269,6571
2019,Niedersachsen,Brandenburg,986,979,1965,289,219,508,1275,1198,2473
2019,Niedersachsen,Mecklenburg-Vorpommern,1417,1452,2869,479,185,664,1896,1637,3533
2019,Niedersachsen,Sachsen,1346,1411,2757,603,379,982,1949,1790,3739
2019,Niedersachsen,Sachsen-Anhalt,2300,2287,4587,547,329,876,2847,2616,5463
2019,Niedersachsen,Thueringen,1029,1034,2063,370,251,621,1399,1285,2684
2019,Niedersachsen,Insgesamt,45912,48271,94183,17285,12924,30209,63197,61195,124392
2019,Bremen,Schleswig-Holstein,292,310,602,110,67,177,402,377,779
2019,Bremen,Hamburg,505,540,1045,163,140,303,668,680,1348
2019,Bremen,Niedersachsen,6059,6458,12517,1046,783,1829,7105,7241,14346
2019,Bremen,Bremen,0,0,0,0,0,0,0,0,0
2019,Bremen,Nordrhein-Westfalen,741,774,1515,418,307,725,1159,1081,2240
2019,Bremen,Hessen,238,216,454,95,78,173,333,294,627
2019,Bremen,Rheinland-Pfalz,108,115,223,60,45,105,168,160,328
2019,Bremen,Baden-Wuerttemberg,242,271,513,172,124,296,414,395,809
2019,Bremen,Bayern,298,305,603,209,132,341,507,437,944
2019,Bremen,Saarland,16,18,34,10,5,15,26,23,49
2019,Bremen,Berlin,276,290,566,138,137,275,414,427,841
2019,Bremen,Brandenburg,58,74,132,24,22,46,82,96,178
2019,Bremen,Mecklenburg-Vorpommern,115,116,231,44,15,59,159,131,290
2019,Bremen,Sachsen,115,123,238,39,22,61,154,145,299
2019,Bremen,Sachsen-Anhalt,56,69,125,27,12,39,83,81,164
2019,Bremen,Thueringen,37,58,95,11,9,20,48,67,115
2019,Bremen,Insgesamt,9156,9737,18893,2566,1898,4464,11722,11635,23357
2019,Nordrhein-Westfalen,Schleswig-Holstein,2632,2960,5592,621,439,1060,3253,3399,6652
2019,Nordrhein-Westfalen,Hamburg,2482,2766,5248,799,580,1379,3281,3346,6627
2019,Nordrhein-Westfalen,Niedersachsen,13278,14630,27908,3764,2561,6325,17042,17191,34233
2019,Nordrhein-Westfalen,Bremen,779,887,1666,371,260,631,1150,1147,2297
2019,Nordrhein-Westfalen,Nordrhein-Westfalen,0,0,0,0,0,0,0,0,0
2019,Nordrhein-Westfalen,Hessen,6553,7202,13755,3098,2081,5179,9651,9283,18934
2019,Nordrhein-Westfalen,Rheinland-Pfalz,7149,7604,14753,2200,1411,3611,9349,9015,18364
2019,Nordrhein-Westfalen,Baden-Wuerttemberg,6368,6385,12753,3515,2381,5896,9883,8766,18649
2019,Nordrhein-Westfalen,Bayern,6625,6457,13082,3984,2313,6297,10609,8770,19379
2019,Nordrhein-Westfalen,Saarland,543,595,1138,284,188,472,827,783,1610
2019,Nordrhein-Westfalen,Berlin,3634,4018,7652,1471,1127,2598,5105,5145,10250
2019,Nordrhein-Westfalen,Brandenburg,1132,1111,2243,352,246,598,1484,1357,2841
2019,Nordrhein-Westfalen,Mecklenburg-Vorpommern,1030,1023,2053,295,172,467,1325,1195,2520
2019,Nordrhein-Westfalen,Sachsen,1769,1767,3536,672,396,1068,2441,2163,4604
2019,Nordrhein-Westfalen,Sachsen-Anhalt,1011,979,1990,437,263,700,1448,1242,2690
2019,Nordrhein-Westfalen,Thueringen,853,872,1725,475,303,778,1328,1175,2503
2019,Nordrhein-Westfalen,Insgesamt,55838,59256,115094,22338,14721,37059,78176,73977,152153
2019,Hessen,Schleswig-Holstein,956,1147,2103,248,170,418,1204,1317,2521
2019,Hessen,Hamburg,1004,1044,2048,326,268,594,1330,1312,2642
2019,Hessen,Niedersachsen,3200,3613,6813,1101,706,1807,4301,4319,8620
2019,Hessen,Bremen,268,247,515,78,74,152,346,321,667
2019,Hessen,Nordrhein-Westfalen,6298,6747,13045,3060,2227,5287,9358,8974,18332
2019,Hessen,Hessen,0,0,0,0,0,0,0,0,0
2019,Hessen,Rheinland-Pfalz,6141,6855,12996,2166,1515,3681,8307,8370,16677
2019,Hessen,Baden-Wuerttemberg,5923,6319,12242,2990,1868,4858,8913,8187,17100
2019,Hessen,Bayern,5650,5695,11345,3037,1693,4730,8687,7388,16075
2019,Hessen,Saarland,362,357,719,146,114,260,508,471,979
2019,Hessen,Berlin,1694,1811,3505,680,564,1244,2374,2375,4749
2019,Hessen,Brandenburg,528,542,1070,141,86,227,669,628,1297
2019,Hessen,Mecklenburg-Vorpommern,363,412,775,82,49,131,445,461,906
2019,Hessen,Sachsen,1108,1115,2223,408,261,669,1516,1376,2892
2019,Hessen,Sachsen-Anhalt,456,473,929,186,94,280,642,567,1209
2019,Hessen,Thueringen,1240,1307,2547,302,165,467,1542,1472,3014
2019,Hessen,Insgesamt,35191,37684,72875,14951,9854,24805,50142,47538,97680
2019,Rheinland-Pfalz,Schleswig-Holstein,459,471,930,98,74,172,557,545,1102
2019,Rheinland-Pfalz,Hamburg,343,375,718,112,89,201,455,464,919
2019,Rheinland-Pfalz,Niedersachsen,1094,1288,2382,435,257,692,1529,1545,3074
2019,Rheinland-Pfalz,Bremen,134,119,253,65,40,105,199,159,358
2019,Rheinland-Pfalz,Nordrhein-Westfalen,6408,6935,13343,2291,1654,3945,8699,8589,17288
2019,Rheinland-Pfalz,Hessen,5729,6266,11995,2130,1554,3684,7859,7820,15679
2019,Rheinland-Pfalz,Rheinland-Pfalz,0,0,0,0,0,0,0,0,0
2019,Rheinland-Pfalz,Baden-Wuerttemberg,5661,6212,11873,2379,1542,3921,8040,7754,15794
2019,Rheinland-Pfalz,Bayern,1980,2019,3999,1161,670,1831,3141,2689,5830
2019,Rheinland-Pfalz,Saarland,1865,2042,3907,426,379,805,2291,2421,4712
2019,Rheinland-Pfalz,Berlin,712,790,1502,250,194,444,962,984,1946
2019,Rheinland-Pfalz,Brandenburg,284,270,554,73,54,127,357,324,681
2019,Rheinland-Pfalz,Mecklenburg-Vorpommern,206,202,408,35,20,55,241,222,463
2019,Rheinland-Pfalz,Sachsen,497,480,977,177,98,275,674,578,1252
2019,Rheinland-Pfalz,Sachsen-Anhalt,259,232,491,124,65,189,383,297,680
2019,Rheinland-Pfalz,Thueringen,266,288,554,97,44,141,363,332,695
2019,Rheinland-Pfalz,Insgesamt,25897,27989,53886,9853,6734,16587,35750,34723,70473
2019,Baden-Wuerttemberg,Schleswig-Holstein,1206,1376,2582,312,223,535,1518,1599,3117
2019,Baden-Wuerttemberg,Hamburg,1284,1390,2674,404,310,714,1688,1700,3388
2019,Baden-Wuerttemberg,Niedersachsen,2794,2841,5635,1352,897,2249,4146,3738,7884
2019,Baden-Wuerttemberg,Bremen,314,344,658,152,135,287,466,479,945
2019,Baden-Wuerttemberg,Nordrhein-Westfalen,6202,6359,12561,3959,2700,6659,10161,9059,19220
2019,Baden-Wuerttemberg,Hessen,6258,6535,12793,2968,1953,4921,9226,8488,17714
2019,Baden-Wuerttemberg,Rheinland-Pfalz,6002,6419,12421,2675,1814,4489,8677,8233,16910
2019,Baden-Wuerttemberg,Baden-Wuerttemberg,0,0,0,0,0,0,0,0,0
2019,Baden-Wuerttemberg,Bayern,13893,14715,28608,7033,4188,11221,20926,18903,39829
2019,Baden-Wuerttemberg,Saarland,614,639,1253,298,247,545,912,886,1798
2019,Baden-Wuerttemberg,Berlin,2618,2842,5460,922,766,1688,3540,3608,7148
2019,Baden-Wuerttemberg,Brandenburg,911,847,1758,209,141,350,1120,988,2108
2019,Baden-Wuerttemberg,Mecklenburg-Vorpommern,617,611,1228,118,64,182,735,675,1410
2019,Baden-Wuerttemberg,Sachsen,2103,2074,4177,580,328,908,2683,2402,5085
2019,Baden-Wuerttemberg,Sachsen-Anhalt,721,728,1449,236,133,369,957,861,1818
2019,Baden-Wuerttemberg,Thueringen,900,945,1845,309,189,498,1209,1134,2343
2019,Baden-Wuerttemberg,Insgesamt,46437,48665,95102,21527,14088,35615,67964,62753,130717
2019,Bayern,Schleswig-Holstein,1194,1251,2445,460,265,725,1654,1516,3170
2019,Bayern,Hamburg,1299,1515,2814,456,331,787,1755,1846,3601
2019,Bayern,Niedersachsen,2839,2857,5696,1388,932,2320,4227,3789,8016
2019,Bayern,Bremen,295,264,559,201,128,329,496,392,888
2019,Bayern,Nordrhein-Westfalen,5824,5847,11671,4170,2715,6885,9994,8562,18556
2019,Bayern,Hessen,5202,5188,10390,2664,1549,4213,7866,6737,14603
2019,Bayern,Rheinland-Pfalz,1883,1963,3846,982,609,1591,2865,2572,5437
2019,Bayern,Baden-Wuerttemberg,12861,13622,26483,6595,3781,10376,19456,17403,36859
2019,Bayern,Bayern,0,0,0,0,0,0,0,0,0
2019,Bayern,Saarland,369,370,739,182,107,289,551,477,1028
2019,Bayern,Berlin,3068,3186,6254,1208,867,2075,4276,4053,8329
2019,Bayern,Brandenburg,1002,994,1996,296,173,469,1298,1167,2465
2019,Bayern,Mecklenburg-Vorpommern,629,631,1260,182,91,273,811,722,1533
2019,Bayern,Sachsen,3238,3094,6332,950,536,1486,4188,3630,7818
2019,Bayern,Sachsen-Anhalt,948,888,1836,353,201,554,1301,1089,2390
2019,Bayern,Thueringen,1976,1970,3946,554,326,880,2530,2296,4826
2019,Bayern,Insgesamt,42627,43640,86267,20641,12611,33252,63268,56251,119519
2019,Saarland,Schleswig-Holstein,60,79,139,34,33,67,94,112,206
2019,Saarland,Hamburg,69,78,147,23,14,37,92,92,184
2019,Saarland,Niedersachsen,181,193,374,91,67,158,272,260,532
2019,Saarland,Bremen,19,18,37,16,10,26,35,28,63
2019,Saarland,Nordrhein-Westfalen,575,617,1192,417,292,709,992,909,1901
2019,Saarland,Hessen,459,456,915,217,150,367,676,606,1282
2019,Saarland,Rheinland-Pfalz,1990,2196,4186,420,342,762,2410,2538,4948
2019,Saarland,Baden-Wuerttemberg,729,800,1529,305,222,527,1034,1022,2056
2019,Saarland,Bayern,373,353,726,212,142,354,585,495,1080
2019,Saarland,Saarland,0,0,0,0,0,0,0,0,0
2019,Saarland,Berlin,154,161,315,77,56,133,231,217,448
2019,Saarland,Brandenburg,38,26,64,12,7,19,50,33,83
2019,Saarland,Mecklenburg-Vorpommern,34,33,67,8,13,21,42,46,88
2019,Saarland,Sachsen,74,85,159,48,22,70,122,107,229
2019,Saarland,Sachsen-Anhalt,40,33,73,20,9,29,60,42,102
2019,Saarland,Thueringen,34,38,72,18,14,32,52,52,104
2019,Saarland,Insgesamt,4829,5166,9995,1918,1393,3311,6747,6559,13306
2019,Berlin,Schleswig-Holstein,977,1098,2075,220,152,372,1197,1250,2447
2019,Berlin,Hamburg,911,1095,2006,354,320,674,1265,1415,2680
2019,Berlin,Niedersachsen,1892,2109,4001,596,457,1053,2488,2566,5054
2019,Berlin,Bremen,213,244,457,97,89,186,310,333,643
2019,Berlin,Nordrhein-Westfalen,2550,2855,5405,1290,992,2282,3840,3847,7687
2019,Berlin,Hessen,1188,1268,2456,597,425,1022,1785,1693,3478
2019,Berlin,Rheinland-Pfalz,568,603,1171,226,189,415,794,792,1586
2019,Berlin,Baden-Wuerttemberg,1898,1901,3799,729,583,1312,2627,2484,5111
2019,Berlin,Bayern,2391,2290,4681,1077,766,1843,3468,3056,6524
2019,Berlin,Saarland,100,117,217,62,34,96,162,151,313
2019,Berlin,Berlin,0,0,0,0,0,0,0,0,0
2019,Berlin,Brandenburg,15231,15368,30599,2101,1765,3866,17332,17133,34465
2019,Berlin,Mecklenburg-Vorpommern,1460,1559,3019,222,128,350,1682,1687,3369
2019,Berlin,Sachsen,1478,1539,3017,513,367,880,1991,1906,3897
2019,Berlin,Sachsen-Anhalt,881,958,1839,339,213,552,1220,1171,2391
2019,Berlin,Thueringen,514,548,1062,176,115,291,690,663,1353
2019,Berlin,Insgesamt,32252,33552,65804,8599,6595,15194,40851,40147,80998
2019,Brandenburg,Schleswig-Holstein,474,478,952,90,40,130,564,518,1082
2019,Brandenburg,Hamburg,266,294,560,105,71,176,371,365,736
2019,Brandenburg,Niedersachsen,983,890,1873,245,155,400,1228,1045,2273
2019,Brandenburg,Bremen,61,68,129,35,31,66,96,99,195
2019,Brandenburg,Nordrhein-Westfalen,915,875,1790,785,559,1344,1700,1434,3134
2019,Brandenburg,Hessen,384,369,753,188,128,316,572,497,1069
2019,Brandenburg,Rheinland-Pfalz,202,202,404,108,80,188,310,282,592
2019,Brandenburg,Baden-Wuerttemberg,644,611,1255,291,155,446,935,766,1701
2019,Brandenburg,Bayern,812,720,1532,302,175,477,1114,895,2009
2019,Brandenburg,Saarland,22,39,61,31,21,52,53,60,113
2019,Brandenburg,Berlin,7097,7167,14264,2062,1479,3541,9159,8646,17805
2019,Brandenburg,Brandenburg,0,0,0,0,0,0,0,0,0
2019,Brandenburg,Mecklenburg-Vorpommern,1544,1739,3283,165,86,251,1709,1825,3534
2019,Brandenburg,Sachsen,2011,2102,4113,260,162,422,2271,2264,4535
2019,Brandenburg,Sachsen-Anhalt,1068,1117,2185,154,91,245,1222,1208,2430
2019,Brandenburg,Thueringen,374,448,822,70,32,102,444,480,924
2019,Brandenburg,Insgesamt,16857,17119,33976,4891,3265,8156,21748,20384,42132
2019,Mecklenburg-Vorpommern,Schleswig-Holstein,1521,1603,3124,271,176,447,1792,1779,3571
2019,Mecklenburg-Vorpommern,Hamburg,767,735,1502,323,184,507,1090,919,2009
2019,Mecklenburg-Vorpommern,Niedersachsen,1145,1198,2343,454,239,693,1599,1437,3036
2019,Mecklenburg-Vorpommern,Bremen,118,94,212,69,44,113,187,138,325
2019,Mecklenburg-Vorpommern,Nordrhein-Westfalen,702,705,1407,937,638,1575,1639,1343,2982
2019,Mecklenburg-Vorpommern,Hessen,244,278,522,173,111,284,417,389,806
2019,Mecklenburg-Vorpommern,Rheinland-Pfalz,157,178,335,99,43,142,256,221,477
2019,Mecklenburg-Vorpommern,Baden-Wuerttemberg,430,384,814,212,128,340,642,512,1154
2019,Mecklenburg-Vorpommern,Bayern,367,406,773,263,129,392,630,535,1165
2019,Mecklenburg-Vorpommern,Saarland,22,23,45,21,12,33,43,35,78
2019,Mecklenburg-Vorpommern,Berlin,987,1015,2002,332,232,564,1319,1247,2566
2019,Mecklenburg-Vorpommern,Brandenburg,1162,1247,2409,130,90,220,1292,1337,2629
2019,Mecklenburg-Vorpommern,Mecklenburg-Vorpommern,0,0,0,0,0,0,0,0,0
2019,Mecklenburg-Vorpommern,Sachsen,628,673,1301,124,80,204,752,753,1505
2019,Mecklenburg-Vorpommern,Sachsen-Anhalt,364,419,783,61,54,115,425,473,898
2019,Mecklenburg-Vorpommern,Thueringen,220,254,474,41,24,65,261,278,539
2019,Mecklenburg-Vorpommern,Insgesamt,8834,9212,18046,3510,2184,5694,12344,11396,23740
2019,Sachsen,Schleswig-Holstein,409,428,837,126,87,213,535,515,1050
2019,Sachsen,Hamburg,381,383,764,175,119,294,556,502,1058
2019,Sachsen,Niedersachsen,1201,1165,2366,546,340,886,1747,1505,3252
2019,Sachsen,Bremen,110,113,223,97,71,168,207,184,391
2019,Sachsen,Nordrhein-Westfalen,1350,1348,2698,1322,778,2100,2672,2126,4798
2019,Sachsen,Hessen,812,899,1711,499,328,827,1311,1227,2538
2019,Sachsen,Rheinland-Pfalz,342,389,731,213,123,336,555,512,1067
2019,Sachsen,Baden-Wuerttemberg,1474,1428,2902,760,419,1179,2234,1847,4081
2019,Sachsen,Bayern,2501,2380,4881,1017,582,1599,3518,2962,6480
2019,Sachsen,Saarland,48,73,121,76,55,131,124,128,252
2019,Sachsen,Berlin,1394,1536,2930,663,502,1165,2057,2038,4095
2019,Sachsen,Brandenburg,1852,1934,3786,227,129,356,2079,2063,4142
2019,Sachsen,Mecklenburg-Vorpommern,791,827,1618,95,58,153,886,885,1771
2019,Sachsen,Sachsen,0,0,0,0,0,0,0,0,0
2019,Sachsen,Sachsen-Anhalt,2563,2668,5231,463,258,721,3026,2926,5952
2019,Sachsen,Thueringen,2091,2151,4242,320,213,533,2411,2364,4775
2019,Sachsen,Insgesamt,17319,17722,35041,6599,4062,10661,23918,21784,45702
2019,Sachsen-Anhalt,Schleswig-Holstein,325,336,661,135,93,228,460,429,889
2019,Sachsen-Anhalt,Hamburg,238,228,466,194,99,293,432,327,759
2019,Sachsen-Anhalt,Niedersachsen,2309,2264,4573,656,407,1063,2965,2671,5636
2019,Sachsen-Anhalt,Bremen,71,76,147,70,49,119,141,125,266
2019,Sachsen-Anhalt,Nordrhein-Westfalen,849,901,1750,1113,732,1845,1962,1633,3595
2019,Sachsen-Anhalt,Hessen,416,466,882,325,207,532,741,673,1414
2019,Sachsen-Anhalt,Rheinland-Pfalz,187,192,379,169,91,260,356,283,639
2019,Sachsen-Anhalt,Baden-Wuerttemberg,581,577,1158,392,250,642,973,827,1800
2019,Sachsen-Anhalt,Bayern,773,782,1555,489,285,774,1262,1067,2329
2019,Sachsen-Anhalt,Saarland,30,27,57,31,27,58,61,54,115
2019,Sachsen-Anhalt,Berlin,817,848,1665,527,341,868,1344,1189,2533
2019,Sachsen-Anhalt,Brandenburg,1027,1068,2095,137,100,237,1164,1168,2332
2019,Sachsen-Anhalt,Mecklenburg-Vorpommern,569,638,1207,62,39,101,631,677,1308
2019,Sachsen-Anhalt,Sachsen,2780,2926,5706,460,284,744,3240,3210,6450
2019,Sachsen-Anhalt,Sachsen-Anhalt,0,0,0,0,0,0,0,0,0
2019,Sachsen-Anhalt,Thueringen,1179,1322,2501,163,93,256,1342,1415,2757
2019,Sachsen-Anhalt,Insgesamt,12151,12651,24802,4923,3097,8020,17074,15748,32822
2019,Thueringen,Schleswig-Holstein,218,246,464,82,60,142,300,306,606
2019,Thueringen,Hamburg,173,182,355,114,75,189,287,257,544
2019,Thueringen,Niedersachsen,966,1008,1974,344,274,618,1310,1282,2592
2019,Thueringen,Bremen,43,47,90,61,35,96,104,82,186
2019,Thueringen,Nordrhein-Westfalen,873,834,1707,964,729,1693,1837,1563,3400
2019,Thueringen,Hessen,1327,1265,2592,432,301,733,1759,1566,3325
2019,Thueringen,Rheinland-Pfalz,250,286,536,157,98,255,407,384,791
2019,Thueringen,Baden-Wuerttemberg,809,832,1641,441,287,728,1250,1119,2369
2019,Thueringen,Bayern,2001,1989,3990,759,542,1301,2760,2531,5291
2019,Thueringen,Saarland,37,32,69,47,29,76,84,61,145
2019,Thueringen,Berlin,587,600,1187,231,214,445,818,814,1632
2019,Thueringen,Brandenburg,455,451,906,79,49,128,534,500,1034
2019,Thueringen,Mecklenburg-Vorpommern,328,355,683,40,24,64,368,379,747
2019,Thueringen,Sachsen,2593,2772,5365,326,252,578,2919,3024,5943
2019,Thueringen,Sachsen-Anhalt,1180,1181,2361,136,103,239,1316,1284,2600
2019,Thueringen,Thueringen,0,0,0,0,0,0,0,0,0
2019,Thueringen,Insgesamt,11840,12080,23920,4213,3072,7285,16053,15152,31205
2019,Insgesamt,Schleswig-Holstein,23827,25797,49624,5463,3838,9301,29290,29635,58925
2019,Insgesamt,Hamburg,22495,24141,46636,6391,4864,11255,28886,29005,57891
2019,Insgesamt,Niedersachsen,47517,50457,97974,13866,9365,23231,61383,59822,121205
2019,Insgesamt,Bremen,8149,8589,16738,2722,1950,4672,10871,10539,21410
2019,Insgesamt,Nordrhein-Westfalen,48499,51790,100289,26983,19223,46206,75482,71013,146495
2019,Insgesamt,Hessen,33537,35224,68761,15306,10304,25610,48843,45528,94371
2019,Insgesamt,Rheinland-Pfalz,26750,28852,55602,10378,6984,17362,37128,35836,72964
2019,Insgesamt,Baden-Wuerttemberg,42532,44361,86893,21332,13611,34943,63864,57972,121836
2019,Insgesamt,Bayern,43058,43457,86515,22580,13727,36307,65638,57184,122822
2019,Insgesamt,Saarland,4309,4611,8920,1819,1372,3191,6128,5983,12111
2019,Insgesamt,Berlin,27354,28965,56319,10094,7712,17806,37448,36677,74125
2019,Insgesamt,Brandenburg,25399,25698,51097,4191,3161,7352,29590,28859,58449
2019,Insgesamt,Mecklenburg-Vorpommern,11963,12337,24300,2125,1129,3254,14088,13466,27554
2019,Insgesamt,Sachsen,20415,20910,41325,5381,3315,8696,25796,24225,50021
2019,Insgesamt,Sachsen-Anhalt,12379,12543,24922,3217,1896,5113,15596,14439,30035
2019,Insgesamt,Thueringen,11028,11598,22626,2975,1831,4806,14003,13429,27432
2019,Insgesamt,Insgesamt,409211,429330,838541,154823,104282,259105,564034,533612,1097646